20958 #SUP: 3
20866 #SUP: 3
94 108 20847 #SUP: 3
7378 12304 12350 12367 12348 12351 12352 12353 12354 12355 12356 12361 7344 12368 7376 12357 12358 12360 12364 16268 20838 #SUP: 3
20581 #SUP: 3
20570 #SUP: 3
20520 #SUP: 3
20405 #SUP: 3
20122 #SUP: 3
20039 #SUP: 3
20007 #SUP: 3
20003 #SUP: 3
19989 #SUP: 3
19868 #SUP: 3
176 19856 #SUP: 3
19818 #SUP: 3
19802 #SUP: 3
19785 #SUP: 3
19692 #SUP: 3
19688 #SUP: 3
19685 #SUP: 3
19680 #SUP: 3
338 246 656 7969 9480 9588 9598 622 9568 9570 9638 737 770 1304 9340 9433 9456 9477 9830 562 7990 9365 9368 9453 9457 9458 9553 9554 9555 9557 9558 9993 9341 9342 9343 9344 9345 9346 9347 9348 9349 9350 9352 9353 9354 9355 9356 9357 9358 9359 9360 9361 9362 9363 9364 9366 9367 9369 9370 9372 9373 9374 9375 9376 9377 9378 9379 9380 9381 9382 9383 9384 9385 9386 9387 9388 9389 9390 9391 9392 9393 9394 9395 9396 9397 9398 9399 9400 9401 9402 9403 9406 9407 9408 9409 9410 9411 9412 9413 9414 9415 9416 9418 9419 9420 9421 9422 9424 9425 9426 9427 9428 9429 9430 9431 9432 9434 9435 9436 9437 9438 9439 9440 9441 9442 9443 9444 9445 9446 9447 9448 9449 9450 9451 9452 9454 9455 9459 9460 9461 9462 9463 9464 9465 9466 9467 9468 9469 9470 9471 9472 9473 9474 9475 9476 9478 9481 9482 9483 9484 9485 9486 9487 9488 9489 9490 9491 9492 9493 9494 9495 9496 9497 9498 9499 9500 9501 9502 9503 9504 9505 9506 9507 9508 9509 9510 9511 9513 9514 9515 9516 9517 9518 9519 9520 9521 9522 9523 9524 9525 9526 9527 9528 9529 9530 9531 9532 9533 9534 9535 9536 9537 9538 9539 9540 9541 9542 9543 9544 9545 9546 9547 9548 9549 9550 9559 9560 9561 9562 9563 9564 9565 9566 9567 9571 9572 9573 9574 9575 9577 9578 9579 9580 9581 9582 9583 9584 9586 9589 9590 9592 9593 9594 9595 9596 9597 9599 9600 9601 9602 9603 9604 9605 9606 9607 9608 9609 9610 9611 9612 9613 9614 9615 9616 9617 9618 9620 9621 9622 9623 9624 9625 9626 9627 9628 9629 9630 9631 9632 9633 9634 9635 9636 9637 9639 9640 9641 9642 9643 9644 9645 9646 9647 9648 9649 9650 9651 9652 9653 9654 9655 9656 9657 9658 9659 9660 9661 9662 9663 9664 9665 9666 9667 9668 9669 9670 9671 9672 9673 9674 9675 9676 9677 9678 9679 9680 9681 9682 9683 9684 9685 9686 9687 9688 9689 9690 9691 9692 9693 9694 9816 9831 9832 9833 9834 9835 9838 9839 9840 9841 9843 9844 9845 9846 9847 9848 9850 9851 9852 9853 9855 9858 9859 9860 9870 9878 9881 9928 9929 9930 9931 9932 9954 9968 9972 9975 9983 9984 9985 9986 9988 9989 9990 9991 9992 9994 9995 9996 9997 9998 9999 10000 10001 10002 10003 10012 10013 10014 10017 10019 10024 10025 10026 10027 10029 14585 14622 14722 14885 16246 19239 19255 19677 #SUP: 3
19664 #SUP: 3
19655 #SUP: 3
19649 #SUP: 3
94 19620 #SUP: 3
19600 #SUP: 3
19551 #SUP: 3
296 13268 13140 13221 13223 13224 13254 13281 13296 13300 15993 13249 13250 13252 13261 13264 13265 13266 13267 13269 13270 13271 13272 13273 13277 13278 13279 13280 13283 13284 13285 13286 13289 13293 13294 13295 13298 13299 13303 13304 14782 14791 14889 16455 16930 18355 19123 19124 19496 19499 19500 #SUP: 3
12604 12606 19490 #SUP: 3
19446 #SUP: 3
94 19445 #SUP: 3
19444 #SUP: 3
19374 #SUP: 3
94 19325 #SUP: 3
19315 #SUP: 3
19307 #SUP: 3
19300 #SUP: 3
19238 #SUP: 3
19151 #SUP: 3
2257 19090 #SUP: 3
19024 #SUP: 3
1652 1206 2332 2572 362 2582 2557 3115 2573 3128 2326 2560 3124 2498 2499 2500 2501 2502 2503 2504 2505 2506 2507 2508 2509 2510 2511 2512 2516 2518 2520 2521 2522 2527 2528 2529 2530 2531 2532 2533 2534 2535 2536 2537 2538 2539 2540 2541 2542 2543 2551 2554 2555 2556 2558 2559 2561 2562 2563 2564 2567 2568 2569 2570 2571 2574 2575 2576 2577 2578 2579 2581 2585 2586 2587 2588 2589 3116 3117 3118 3119 3120 3121 3123 3125 3126 3127 3129 3130 3134 3135 3136 3137 3138 3139 3140 3142 3144 14815 15296 15580 16300 18916 #SUP: 3
18911 #SUP: 3
18871 #SUP: 3
18818 #SUP: 3
752 18816 #SUP: 3
18750 #SUP: 3
18722 #SUP: 3
18683 #SUP: 3
18664 #SUP: 3
18653 #SUP: 3
18636 #SUP: 3
18611 #SUP: 3
18604 #SUP: 3
18586 #SUP: 3
18499 #SUP: 3
18490 #SUP: 3
18450 #SUP: 3
15490 18427 #SUP: 3
18345 #SUP: 3
18 338 18238 #SUP: 3
18198 #SUP: 3
18083 #SUP: 3
94 18077 #SUP: 3
18076 #SUP: 3
18027 #SUP: 3
17990 #SUP: 3
17967 #SUP: 3
17890 #SUP: 3
17855 #SUP: 3
17846 #SUP: 3
17823 #SUP: 3
10197 10198 10199 10200 10201 10202 10203 14353 17821 #SUP: 3
17812 #SUP: 3
17756 #SUP: 3
17748 #SUP: 3
94 108 18 222 730 176 1727 1861 757 5971 1892 16363 17668 #SUP: 3
17649 #SUP: 3
94 108 18 222 730 119 220 176 1218 246 983 1174 193 294 1727 1861 2094 806 1297 236 5971 17205 15810 17412 1631 1885 8054 8304 17595 #SUP: 3
17562 #SUP: 3
17528 #SUP: 3
17526 #SUP: 3
730 4562 4584 4657 4578 3803 4545 4678 4530 4531 4532 4533 4541 4542 4543 4546 4548 4549 4550 4551 4552 4553 4554 4555 4556 4557 4558 4559 4560 4561 4564 4565 4567 4568 4569 4570 4571 4572 4573 4574 4575 4576 4579 4580 4581 4582 4583 4585 4586 4587 4588 4589 4590 4591 4592 4593 4596 4597 4598 4599 4600 4601 4603 4605 4606 4607 4609 4610 4611 4612 4613 4614 4615 4616 4618 4619 4620 4621 4622 4623 4624 4625 4626 4629 4631 4632 4633 4639 4643 4649 4650 4652 4653 4655 4656 4658 4659 4660 4661 4664 4665 4666 4667 4668 4669 4674 4675 4676 4677 4679 4680 4681 4682 4683 4684 4687 4688 4689 4690 4694 4695 4696 4698 4699 4700 4701 4702 4703 4705 14629 14797 14846 15086 15911 15913 16624 17524 #SUP: 3
17520 #SUP: 3
2918 2178 17511 #SUP: 3
108 2110 2937 17486 #SUP: 3
94 18 222 17478 #SUP: 3
17474 #SUP: 3
94 17473 #SUP: 3
17456 #SUP: 3
94 1727 9005 18370 17445 #SUP: 3
94 246 241 294 1727 231 277 8578 15729 16373 17412 17433 #SUP: 3
17411 #SUP: 3
94 222 119 338 334 729 3359 6 3302 3697 4111 4239 17404 #SUP: 3
1442 17387 #SUP: 3
94 108 18282 17350 #SUP: 3
94 108 119 12933 199 17349 #SUP: 3
17336 #SUP: 3
17300 #SUP: 3
17280 #SUP: 3
17278 #SUP: 3
94 17273 #SUP: 3
17269 #SUP: 3
17241 #SUP: 3
108 18 119 17225 #SUP: 3
108 18 119 878 17216 #SUP: 3
17211 #SUP: 3
94 18 730 17205 17195 #SUP: 3
17137 #SUP: 3
94 176 17126 #SUP: 3
94 17111 #SUP: 3
17074 #SUP: 3
94 296 17066 #SUP: 3
17061 #SUP: 3
17013 #SUP: 3
17009 #SUP: 3
94 16963 #SUP: 3
16954 #SUP: 3
16938 #SUP: 3
16875 #SUP: 3
16871 #SUP: 3
746 16857 #SUP: 3
16816 #SUP: 3
16786 #SUP: 3
222 16760 #SUP: 3
108 730 2061 1652 2941 2065 2964 16316 16729 #SUP: 3
16674 #SUP: 3
16613 #SUP: 3
16607 #SUP: 3
16595 #SUP: 3
94 16574 #SUP: 3
16573 #SUP: 3
94 108 11116 16567 #SUP: 3
220 16566 #SUP: 3
16557 #SUP: 3
94 16555 #SUP: 3
47 15712 16554 #SUP: 3
16552 #SUP: 3
94 18 334 16546 #SUP: 3
16545 #SUP: 3
108 16543 #SUP: 3
16526 #SUP: 3
16523 #SUP: 3
182 16522 #SUP: 3
16520 #SUP: 3
108 16515 #SUP: 3
94 657 580 14413 16511 #SUP: 3
16510 #SUP: 3
94 18 222 16496 #SUP: 3
16840 17841 15826 16487 #SUP: 3
16473 #SUP: 3
296 13139 13221 13223 13224 13254 13296 13214 13215 13216 13217 13218 13222 14440 14447 16450 16451 #SUP: 3
16435 #SUP: 3
16431 #SUP: 3
94 16378 #SUP: 3
16374 #SUP: 3
94 2489 2296 2297 2408 2409 16298 #SUP: 3
16216 #SUP: 3
16178 #SUP: 3
16165 #SUP: 3
94 16149 #SUP: 3
546 7470 539 540 541 542 543 544 545 548 549 550 551 552 553 554 555 556 557 7469 7471 15363 15594 15984 16142 #SUP: 3
7378 7344 7365 16137 #SUP: 3
94 108 18 222 730 220 1218 1174 1727 1887 7953 1170 1631 16156 16115 #SUP: 3
7542 7543 7544 7531 7532 7533 7534 7535 7536 7537 7538 7539 7540 7541 14886 14906 16061 #SUP: 3
3432 16006 #SUP: 3
3375 3376 3386 3388 3542 3558 15951 #SUP: 3
338 2213 3478 15942 #SUP: 3
15938 #SUP: 3
108 3195 3216 3167 3191 3212 3168 3190 3169 3170 3173 3175 3176 3177 3178 3179 3187 3188 3192 3193 3194 3197 3198 3199 3200 3201 3203 3204 3205 3206 3207 3208 3209 3210 3211 3213 3214 3215 3217 3218 3219 3220 3221 12793 12794 14727 14805 15100 15101 15180 15937 #SUP: 3
780 781 782 783 784 7025 7027 15907 #SUP: 3
1861 6991 2614 2616 6948 6951 15905 #SUP: 3
94 18 222 220 176 1218 518 5971 186 6134 5496 5972 6037 5304 5689 5746 5747 5753 6033 6496 6750 15894 #SUP: 3
15843 #SUP: 3
2491 15840 #SUP: 3
94 108 18 296 7720 15819 #SUP: 3
15778 #SUP: 3
15770 #SUP: 3
94 15760 #SUP: 3
10193 10192 10194 15754 #SUP: 3
94 15751 #SUP: 3
15728 #SUP: 3
15713 #SUP: 3
15701 #SUP: 3
2018 15698 #SUP: 3
15697 #SUP: 3
15624 #SUP: 3
15589 #SUP: 3
7354 7378 12304 12350 12367 12348 12351 12352 12353 12354 12355 12356 12361 12368 7379 12363 12381 12382 12384 12385 12388 15586 #SUP: 3
15542 #SUP: 3
15495 #SUP: 3
94 15481 #SUP: 3
94 108 220 1861 1944 198 2094 17995 15465 #SUP: 3
15439 #SUP: 3
15437 #SUP: 3
15384 #SUP: 3
524 526 15375 #SUP: 3
15370 #SUP: 3
15355 #SUP: 3
94 108 18 119 15336 #SUP: 3
1385 1381 1382 1383 1386 14614 15328 #SUP: 3
15321 #SUP: 3
15286 #SUP: 3
15244 #SUP: 3
15141 #SUP: 3
15131 #SUP: 3
15073 #SUP: 3
15071 #SUP: 3
7577 7574 7542 7543 7544 7547 7548 7549 7550 7551 7552 7553 7554 7555 7556 7557 7558 7559 7560 7561 7562 7563 7564 7565 7566 7567 7568 7569 7570 7571 7578 7584 7585 15043 #SUP: 3
94 108 15398 15017 #SUP: 3
2332 14863 #SUP: 3
296 7905 7906 7907 7908 10561 10568 10628 14771 #SUP: 3
14757 #SUP: 3
7354 12380 14481 #SUP: 3
18014 14390 #SUP: 3
483 480 4809 4783 14259 14279 #SUP: 3
14232 #SUP: 3
14230 #SUP: 3
14229 #SUP: 3
14206 #SUP: 3
14133 #SUP: 3
14124 #SUP: 3
14081 #SUP: 3
14076 14077 14078 #SUP: 3
14065 #SUP: 3
14027 #SUP: 3
4740 7269 13999 #SUP: 3
13830 #SUP: 3
13795 #SUP: 3
13763 #SUP: 3
220 1967 13753 #SUP: 3
2109 14005 13751 #SUP: 3
2123 13658 #SUP: 3
193 13615 #SUP: 3
11629 13471 #SUP: 3
13456 #SUP: 3
13400 13383 13385 13388 13389 13390 13392 13393 13394 13396 13397 13398 13399 13401 13402 13403 13404 13405 13406 13408 13409 13410 13426 13411 #SUP: 3
13400 13383 13385 13388 13389 13390 13392 13393 13394 13396 13397 13398 13399 13401 13402 13403 13404 13405 13406 13408 13409 13410 13426 13386 13387 13391 13395 13407 #SUP: 3
13373 #SUP: 3
13354 #SUP: 3
13315 #SUP: 3
13306 #SUP: 3
18014 13301 #SUP: 3
296 13290 #SUP: 3
13258 #SUP: 3
296 13221 13223 13224 13254 13296 13253 #SUP: 3
13191 #SUP: 3
13158 #SUP: 3
13142 #SUP: 3
13129 #SUP: 3
94 983 7527 7528 13105 #SUP: 3
13093 #SUP: 3
94 983 1974 13067 #SUP: 3
12966 #SUP: 3
12924 #SUP: 3
12917 12918 #SUP: 3
12915 #SUP: 3
94 12913 #SUP: 3
12912 #SUP: 3
2332 12880 #SUP: 3
12878 #SUP: 3
4740 12867 #SUP: 3
12808 #SUP: 3
12763 #SUP: 3
12744 #SUP: 3
12740 #SUP: 3
12667 #SUP: 3
94 12520 #SUP: 3
2123 12462 #SUP: 3
7354 12436 #SUP: 3
12413 #SUP: 3
12407 #SUP: 3
4562 12399 #SUP: 3
12393 #SUP: 3
7378 12304 12350 12367 12348 12351 12352 12353 12354 12355 12356 12361 749 12349 12362 12365 12366 12373 12382 12383 12386 12387 #SUP: 3
2123 7354 7378 7344 7376 7348 7362 12337 #SUP: 3
12199 #SUP: 3
12108 #SUP: 3
12075 #SUP: 3
12061 #SUP: 3
12046 #SUP: 3
108 12037 #SUP: 3
12029 12030 12035 12026 12027 12033 #SUP: 3
1206 1207 12029 12031 #SUP: 3
108 12029 12030 12025 #SUP: 3
1207 12020 9140 12022 #SUP: 3
108 7157 12019 #SUP: 3
12004 #SUP: 3
11992 #SUP: 3
4749 11969 #SUP: 3
11843 #SUP: 3
11795 #SUP: 3
11773 #SUP: 3
11763 #SUP: 3
7258 11681 #SUP: 3
176 2257 11652 6858 11656 #SUP: 3
2257 11644 #SUP: 3
11575 #SUP: 3
11570 #SUP: 3
11565 #SUP: 3
11557 #SUP: 3
11541 #SUP: 3
11504 #SUP: 3
11501 #SUP: 3
11499 #SUP: 3
11463 11464 #SUP: 3
11426 #SUP: 3
11390 #SUP: 3
10929 11200 11296 #SUP: 3
2061 11216 10770 10892 10983 11119 #SUP: 3
94 108 10670 11099 #SUP: 3
11056 #SUP: 3
94 11002 #SUP: 3
10809 #SUP: 3
1219 10736 #SUP: 3
2061 10504 #SUP: 3
10474 #SUP: 3
10404 #SUP: 3
10401 #SUP: 3
10376 #SUP: 3
2572 10372 #SUP: 3
10370 #SUP: 3
10368 #SUP: 3
10367 #SUP: 3
10364 #SUP: 3
10355 #SUP: 3
10327 #SUP: 3
10326 #SUP: 3
10311 #SUP: 3
10308 #SUP: 3
480 10217 #SUP: 3
10207 #SUP: 3
10134 #SUP: 3
10073 #SUP: 3
10048 #SUP: 3
10036 #SUP: 3
10035 #SUP: 3
246 622 9876 #SUP: 3
1304 9553 9554 9555 9557 9558 9871 9872 #SUP: 3
9869 #SUP: 3
108 9811 #SUP: 3
9783 #SUP: 3
9771 #SUP: 3
9013 19746 9010 9751 9754 9755 9756 #SUP: 3
9710 #SUP: 3
9704 #SUP: 3
9701 #SUP: 3
9697 #SUP: 3
487 9332 #SUP: 3
9331 #SUP: 3
487 1458 9316 #SUP: 3
9284 #SUP: 3
9275 #SUP: 3
9271 #SUP: 3
9269 #SUP: 3
9265 #SUP: 3
9172 #SUP: 3
9147 #SUP: 3
9146 #SUP: 3
9133 #SUP: 3
9020 #SUP: 3
9019 #SUP: 3
9012 #SUP: 3
8925 #SUP: 3
94 7465 7466 8917 8922 #SUP: 3
8882 #SUP: 3
8620 #SUP: 3
8592 #SUP: 3
1652 1174 1967 8589 #SUP: 3
94 108 2061 7988 11379 11409 8576 #SUP: 3
94 108 730 176 1944 9005 8575 #SUP: 3
220 1174 487 193 1967 2109 13862 13901 8574 #SUP: 3
8390 #SUP: 3
8268 #SUP: 3
108 220 15729 7982 #SUP: 3
7977 #SUP: 3
94 220 7970 #SUP: 3
7943 #SUP: 3
94 18 7941 #SUP: 3
94 7830 #SUP: 3
19746 7806 #SUP: 3
332 19746 7801 #SUP: 3
7694 #SUP: 3
7647 #SUP: 3
7597 #SUP: 3
7586 #SUP: 3
94 730 983 7546 #SUP: 3
7508 #SUP: 3
7475 #SUP: 3
7452 #SUP: 3
7451 #SUP: 3
7436 #SUP: 3
7378 7344 7360 7361 7376 7372 #SUP: 3
7343 #SUP: 3
7333 #SUP: 3
94 108 18 222 296 7331 #SUP: 3
7327 #SUP: 3
483 7275 7276 7277 7287 7291 #SUP: 3
7289 #SUP: 3
7226 #SUP: 3
7174 #SUP: 3
7159 7160 7161 7162 7163 7164 7165 7166 7168 7167 #SUP: 3
1206 1207 4287 7159 7160 7161 7162 7163 7164 7165 7166 7168 7156 #SUP: 3
7147 #SUP: 3
7133 #SUP: 3
7126 #SUP: 3
7114 #SUP: 3
7104 #SUP: 3
7060 #SUP: 3
7043 #SUP: 3
6997 #SUP: 3
6966 #SUP: 3
6991 6964 #SUP: 3
1861 6963 #SUP: 3
6962 #SUP: 3
6926 #SUP: 3
6879 #SUP: 3
6875 #SUP: 3
6873 #SUP: 3
6869 #SUP: 3
6866 #SUP: 3
94 18 6744 #SUP: 3
94 18 4980 6669 6674 #SUP: 3
222 1682 5379 6668 #SUP: 3
94 6512 #SUP: 3
6488 #SUP: 3
5470 6486 6487 #SUP: 3
94 18 222 220 176 1218 1682 192 5971 4998 6209 5496 5732 6476 #SUP: 3
6463 #SUP: 3
94 222 220 5989 6451 #SUP: 3
94 1218 6271 #SUP: 3
94 18 220 1682 6199 #SUP: 3
94 18 222 1218 191 5308 518 6134 6143 6173 6707 5586 5778 6170 #SUP: 3
94 6139 #SUP: 3
6138 #SUP: 3
6116 #SUP: 3
6031 #SUP: 3
4378 5985 #SUP: 3
5970 #SUP: 3
5932 #SUP: 3
94 1218 5194 5901 #SUP: 3
5880 #SUP: 3
94 18 222 220 176 1218 1682 192 5971 5370 6758 5494 5972 5826 #SUP: 3
2457 5765 #SUP: 3
94 18 222 191 192 5723 #SUP: 3
94 5446 #SUP: 3
186 1308 5397 #SUP: 3
94 18 222 518 5971 5375 #SUP: 3
94 18 5370 5309 #SUP: 3
94 18 222 176 5971 5316 6173 6491 5268 5287 #SUP: 3
176 191 192 186 5240 #SUP: 3
94 18 1682 6669 4978 5203 #SUP: 3
18 5077 #SUP: 3
94 176 5316 5194 5070 #SUP: 3
94 18 176 5064 #SUP: 3
94 18 192 2918 4995 #SUP: 3
4948 #SUP: 3
4131 4869 2179 4867 4868 #SUP: 3
94 4845 #SUP: 3
4829 #SUP: 3
4826 #SUP: 3
4785 #SUP: 3
4740 4739 4742 #SUP: 3
1206 1207 4741 #SUP: 3
1206 2572 4740 4739 4737 #SUP: 3
4723 4731 #SUP: 3
4720 #SUP: 3
4714 #SUP: 3
4662 #SUP: 3
4536 #SUP: 3
730 4529 #SUP: 3
94 222 119 338 334 804 3458 3911 3370 3459 3565 3569 3910 3994 3995 4068 4084 4127 4261 #SUP: 3
94 222 119 338 334 4205 1694 3913 4869 4228 3515 4225 4227 4235 #SUP: 3
4221 #SUP: 3
94 2257 3685 4092 4112 #SUP: 3
3922 4038 #SUP: 3
3400 3991 #SUP: 3
94 2257 3461 3547 3891 #SUP: 3
94 4131 3869 #SUP: 3
3868 #SUP: 3
94 3808 #SUP: 3
94 222 119 607 1694 3685 4869 1452 4222 3467 3781 #SUP: 3
3699 #SUP: 3
3913 3653 #SUP: 3
119 2257 3648 #SUP: 3
94 3689 3641 #SUP: 3
94 119 607 4131 3551 #SUP: 3
4241 3463 #SUP: 3
94 222 338 334 3685 3441 3678 3911 3444 #SUP: 3
3427 #SUP: 3
94 3368 #SUP: 3
3361 #SUP: 3
94 222 4222 3268 3354 #SUP: 3
3174 #SUP: 3
3165 #SUP: 3
3153 #SUP: 3
2974 2989 2994 3012 3068 3082 3086 3087 3089 3094 3097 #SUP: 3
2123 3042 2169 2240 2758 2979 #SUP: 3
730 2964 2899 #SUP: 3
730 2837 #SUP: 3
2918 2743 #SUP: 3
108 730 1652 2662 #SUP: 3
2625 2626 #SUP: 3
2619 #SUP: 3
2612 #SUP: 3
1652 2584 #SUP: 3
220 2491 2493 #SUP: 3
2480 #SUP: 3
94 363 2452 2491 2448 2449 2453 #SUP: 3
94 220 246 2431 2432 #SUP: 3
2418 #SUP: 3
2407 #SUP: 3
94 220 246 2380 #SUP: 3
94 220 1207 2343 #SUP: 3
94 2332 2340 363 2330 2333 2359 2337 #SUP: 3
2332 2340 363 2330 2333 2331 #SUP: 3
2254 #SUP: 3
108 1301 2162 2246 #SUP: 3
2219 #SUP: 3
2105 #SUP: 3
1978 #SUP: 3
1977 #SUP: 3
1937 #SUP: 3
1859 #SUP: 3
1857 #SUP: 3
94 1856 #SUP: 3
94 108 1770 #SUP: 3
94 108 18 119 1174 1728 #SUP: 3
1655 #SUP: 3
1861 1651 #SUP: 3
1638 #SUP: 3
94 730 1652 193 12743 1623 #SUP: 3
1621 #SUP: 3
1568 #SUP: 3
94 108 18 119 246 983 201 1624 1297 18282 1560 1735 17412 1551 #SUP: 3
1520 #SUP: 3
1444 #SUP: 3
1340 #SUP: 3
1307 #SUP: 3
1291 #SUP: 3
1277 #SUP: 3
1275 #SUP: 3
296 1592 1232 #SUP: 3
1210 #SUP: 3
94 1189 #SUP: 3
1173 #SUP: 3
1166 #SUP: 3
1144 #SUP: 3
878 983 468 516 1095 223 230 991 996 964 984 1047 914 1005 1020 1123 1139 864 880 883 905 915 927 931 967 969 970 973 977 986 990 1030 839 840 841 842 843 844 845 846 847 848 849 850 851 852 853 854 855 856 857 859 860 861 862 863 865 866 867 868 869 870 871 872 873 874 875 876 877 879 881 882 884 885 886 887 888 889 890 891 892 893 894 895 896 897 898 899 900 901 902 903 904 906 907 908 909 910 911 912 913 916 917 918 919 920 921 922 923 924 925 926 928 929 930 932 933 934 935 936 937 938 939 940 941 942 943 944 945 946 947 948 949 950 951 952 953 954 955 956 957 958 959 960 961 963 965 966 968 971 972 974 975 976 978 979 980 981 982 985 987 988 989 992 993 994 995 997 998 999 1000 1001 1002 1003 1004 1006 1007 1008 1009 1010 1011 1012 1013 1014 1015 1016 1017 1018 1019 1021 1022 1023 1024 1025 1026 1027 1028 1029 1031 1032 1033 1034 1035 1036 1037 1038 1039 1040 1041 1042 1043 1044 1045 1046 1048 1049 1050 1051 1052 1053 1054 1055 1056 1057 1058 1059 1060 1061 1062 1063 1064 1065 1066 1067 1068 1069 1070 1071 1072 1073 1074 1075 1076 1077 1078 1079 1080 1081 1082 1083 1084 1085 1086 1087 1088 1089 1090 1091 1092 1093 1094 1096 1097 1098 1099 1100 1101 1102 1103 1104 1105 1106 1107 1108 1109 1110 1111 1112 1113 1114 1115 1116 1118 1119 1120 1121 1122 1124 1125 1126 1127 1128 1129 1130 1131 1132 1133 1134 1135 1136 1137 1138 858 1117 #SUP: 3
222 730 1861 806 801 #SUP: 3
794 #SUP: 3
793 #SUP: 3
788 #SUP: 3
368 767 #SUP: 3
766 #SUP: 3
755 #SUP: 3
94 731 #SUP: 3
725 #SUP: 3
94 712 #SUP: 3
711 #SUP: 3
94 730 699 #SUP: 3
94 730 176 757 693 #SUP: 3
677 #SUP: 3
94 730 672 #SUP: 3
94 616 #SUP: 3
94 579 #SUP: 3
513 #SUP: 3
503 #SUP: 3
483 480 368 366 367 481 #SUP: 3
4775 469 #SUP: 3
443 #SUP: 3
388 #SUP: 3
222 374 #SUP: 3
94 361 #SUP: 3
304 #SUP: 3
295 #SUP: 3
94 289 #SUP: 3
246 15729 285 #SUP: 3
244 #SUP: 3
235 #SUP: 3
187 193 13862 216 #SUP: 3
205 #SUP: 3
193 194 #SUP: 3
94 168 #SUP: 3
160 #SUP: 3
108 18 119 28 #SUP: 3
108 18 21 #SUP: 3
20946 #SUP: 4
2094 19765 #SUP: 3
1652 19765 #SUP: 3
94 220 19765 #SUP: 3
19765 #SUP: 4
19746 #SUP: 4
19721 #SUP: 4
19317 #SUP: 4
19260 #SUP: 4
19256 #SUP: 4
18990 #SUP: 4
94 108 18 222 296 119 1218 338 1652 334 518 6134 18990 #SUP: 3
18952 #SUP: 4
18793 #SUP: 4
483 18793 #SUP: 3
18731 #SUP: 4
18597 #SUP: 4
18570 #SUP: 4
18530 #SUP: 4
94 18530 #SUP: 3
18476 #SUP: 4
108 119 18476 #SUP: 3
18259 #SUP: 4
18195 #SUP: 4
18171 #SUP: 4
18072 #SUP: 4
18038 #SUP: 4
94 9102 18038 #SUP: 3
17841 #SUP: 4
17834 #SUP: 4
17793 #SUP: 4
17785 #SUP: 4
94 108 18 222 730 176 338 334 241 1727 1861 199 5971 17434 17591 #SUP: 3
2094 199 2109 15810 16406 17591 #SUP: 3
199 17591 #SUP: 4
17590 #SUP: 4
94 17590 #SUP: 3
17583 #SUP: 4
94 17434 #SUP: 4
15729 17423 #SUP: 3
94 2018 17423 #SUP: 3
17423 #SUP: 4
17268 #SUP: 4
17246 #SUP: 4
94 222 220 878 1174 231 2094 17205 228 17246 #SUP: 3
17243 #SUP: 4
176 17243 #SUP: 3
17235 #SUP: 4
17217 #SUP: 4
108 18 119 878 3 17217 #SUP: 3
17181 #SUP: 4
17182 17181 #SUP: 3
17173 #SUP: 4
94 18 17173 #SUP: 3
17095 #SUP: 4
94 17095 #SUP: 3
17094 #SUP: 4
94 241 1727 1627 17094 #SUP: 3
94 17045 #SUP: 4
94 18 14345 17045 #SUP: 3
17008 #SUP: 4
16988 #SUP: 4
16977 #SUP: 4
94 16977 #SUP: 3
16939 #SUP: 4
16627 #SUP: 4
108 11401 16627 #SUP: 3
94 17247 13200 16538 #SUP: 3
94 18 222 9131 16538 #SUP: 3
94 108 16538 #SUP: 3
94 16538 #SUP: 4
16490 #SUP: 4
198 16490 #SUP: 3
16425 #SUP: 4
94 108 16425 #SUP: 3
16416 #SUP: 4
94 16416 #SUP: 3
16413 #SUP: 4
18 16363 #SUP: 4
16280 #SUP: 4
94 16280 #SUP: 3
16239 #SUP: 4
16156 #SUP: 4
16106 #SUP: 4
16074 #SUP: 4
94 16074 #SUP: 3
16044 #SUP: 4
1219 16044 #SUP: 3
94 13268 15993 #SUP: 3
13268 15993 #SUP: 4
119 201 15756 #SUP: 3
119 198 15756 #SUP: 3
94 18 119 1682 15756 #SUP: 3
119 15756 #SUP: 4
15753 #SUP: 4
15703 #SUP: 4
15699 #SUP: 4
15652 #SUP: 4
94 294 15652 #SUP: 3
94 15606 #SUP: 4
94 730 294 15606 #SUP: 3
15509 #SUP: 4
523 15509 #SUP: 3
15491 #SUP: 4
1218 15491 #SUP: 3
15488 #SUP: 4
94 15488 #SUP: 3
94 15406 #SUP: 4
94 607 4131 2213 15406 #SUP: 3
15393 #SUP: 4
94 15393 #SUP: 3
18056 15392 #SUP: 3
502 15392 #SUP: 3
15392 #SUP: 4
1174 18282 15233 #SUP: 3
176 15233 #SUP: 3
15233 #SUP: 4
15184 #SUP: 4
15081 #SUP: 4
94 108 18 119 2061 338 246 13901 3359 11379 15081 #SUP: 3
517 14992 #SUP: 3
94 1727 14992 #SUP: 3
516 14992 #SUP: 3
14992 #SUP: 4
296 14452 #SUP: 3
94 14452 #SUP: 3
14452 #SUP: 4
14326 #SUP: 4
483 14326 #SUP: 3
14261 #SUP: 4
483 480 4809 4783 14259 14261 #SUP: 3
483 480 4809 4783 14259 #SUP: 4
483 480 4809 4783 12000 14259 #SUP: 3
483 14258 #SUP: 4
483 480 368 4783 14258 #SUP: 3
14210 #SUP: 4
220 1174 487 193 1967 13764 14005 #SUP: 3
1652 1682 6209 14005 #SUP: 3
14005 #SUP: 4
13765 #SUP: 4
94 108 18 119 1174 13764 #SUP: 3
1174 13764 #SUP: 4
13504 #SUP: 4
2123 13504 #SUP: 3
2257 13454 13455 #SUP: 3
94 18 176 11652 13455 #SUP: 3
13455 #SUP: 4
13454 #SUP: 4
13434 #SUP: 4
13400 13383 13385 13388 13389 13390 13392 13393 13394 13396 13397 13398 13399 13401 13402 13403 13404 13405 13406 13408 13409 13410 13426 #SUP: 4
94 13300 #SUP: 3
13300 #SUP: 4
296 13221 13223 13224 13254 13296 #SUP: 4
296 13281 #SUP: 4
4740 13183 #SUP: 4
2340 4740 13183 #SUP: 3
13159 #SUP: 4
13149 #SUP: 4
13139 13140 #SUP: 3
13140 #SUP: 4
13135 13139 #SUP: 3
13139 #SUP: 4
13101 #SUP: 4
94 13101 #SUP: 3
12992 #SUP: 4
12944 #SUP: 4
12930 #SUP: 4
12928 #SUP: 4
94 12826 #SUP: 4
12699 #SUP: 4
12604 12606 #SUP: 4
12585 #SUP: 4
12440 #SUP: 4
7378 12304 12350 12367 12348 12351 12352 12353 12354 12355 12356 12361 7344 12440 #SUP: 3
7378 12304 12350 12367 12348 12351 12352 12353 12354 12355 12356 12361 12378 12382 #SUP: 3
7378 12304 12350 12367 12348 12351 12352 12353 12354 12355 12356 12361 12382 #SUP: 4
12304 12350 12381 #SUP: 4
7354 12380 #SUP: 4
7354 7378 12304 12350 12367 12348 12351 12352 12353 12354 12355 12356 12361 12368 12363 12380 #SUP: 3
12378 #SUP: 4
12367 12373 #SUP: 4
7354 7378 12304 12350 12367 12348 12351 12352 12353 12354 12355 12356 12361 12368 12357 12363 #SUP: 3
7354 7378 12304 12350 12367 12348 12351 12352 12353 12354 12355 12356 12361 12368 12363 #SUP: 4
7354 7378 12304 12350 12367 12348 12351 12352 12353 12354 12355 12356 12361 12349 12362 12365 12366 12368 12363 #SUP: 3
12358 #SUP: 4
7378 12304 12350 12367 12348 12351 12352 12353 12354 12355 12356 12361 12349 12362 12365 12366 12368 12357 #SUP: 3
7378 12304 12350 12367 12348 12351 12352 12353 12354 12355 12356 12361 12368 12357 #SUP: 4
12346 #SUP: 4
7378 12304 12350 12367 12348 12351 12352 12353 12354 12355 12356 12361 7344 12349 12362 12365 12366 12346 #SUP: 3
12342 #SUP: 4
7378 7344 12342 #SUP: 3
12049 #SUP: 4
1168 12035 #SUP: 3
12035 #SUP: 4
12029 12030 #SUP: 4
12024 #SUP: 4
1168 12024 #SUP: 3
12020 #SUP: 4
176 338 7968 11945 #SUP: 3
94 108 18 222 730 119 220 176 1218 246 1652 1174 487 193 1861 1592 806 1967 5971 3212 5496 11945 #SUP: 3
176 11945 #SUP: 4
94 296 2257 5194 11844 #SUP: 3
176 2257 9570 11844 #SUP: 3
2257 4749 11844 #SUP: 3
2257 11844 #SUP: 4
176 11698 #SUP: 3
222 11698 #SUP: 3
11698 #SUP: 4
176 11652 #SUP: 4
11622 #SUP: 4
11556 11545 #SUP: 3
3216 11545 #SUP: 3
11545 #SUP: 4
11475 #SUP: 4
94 11409 #SUP: 4
94 108 2061 11116 9129 11379 11401 #SUP: 3
108 11401 #SUP: 4
94 108 2061 11379 #SUP: 4
94 239 11216 #SUP: 3
11216 #SUP: 4
94 108 7988 11107 #SUP: 3
1174 11107 #SUP: 3
11107 #SUP: 4
10684 #SUP: 4
10682 #SUP: 4
730 10670 #SUP: 3
10670 #SUP: 4
108 334 186 10658 #SUP: 3
222 296 2061 1592 10658 #SUP: 3
10658 #SUP: 4
222 296 10494 #SUP: 3
94 10494 #SUP: 3
10494 #SUP: 4
10373 #SUP: 4
10363 #SUP: 4
94 10339 #SUP: 4
94 108 10339 #SUP: 3
94 108 18 222 296 1218 1727 10219 #SUP: 3
94 108 18 119 338 983 10219 #SUP: 3
94 108 18 10219 #SUP: 4
10193 #SUP: 4
10191 #SUP: 4
10166 #SUP: 4
10153 #SUP: 4
10133 #SUP: 4
9078 9083 9069 9072 9073 9076 9077 9079 9080 10078 #SUP: 4
9078 9083 9069 9072 9073 9076 9077 9079 9080 10075 10076 10077 10079 10078 #SUP: 3
10074 #SUP: 4
10061 #SUP: 4
10050 #SUP: 4
94 10050 #SUP: 3
10049 #SUP: 4
94 220 10049 #SUP: 3
9993 #SUP: 4
9879 #SUP: 4
9802 #SUP: 4
1385 9802 #SUP: 3
9801 #SUP: 4
9791 #SUP: 4
1304 9553 9554 9555 9557 9558 #SUP: 4
9588 9458 #SUP: 4
9457 #SUP: 4
9453 #SUP: 4
656 622 9368 #SUP: 4
9365 #SUP: 4
9102 #SUP: 4
9100 #SUP: 4
9094 #SUP: 4
18014 9094 #SUP: 3
9078 9083 9081 9082 #SUP: 3
94 1207 9081 9082 #SUP: 3
9081 9082 #SUP: 4
9045 #SUP: 4
9013 #SUP: 4
94 9013 #SUP: 3
8907 #SUP: 4
8903 #SUP: 4
1218 16421 8903 #SUP: 3
8874 #SUP: 4
8633 #SUP: 4
94 18 222 730 736 8595 #SUP: 3
94 18 246 8595 #SUP: 3
94 18 8595 #SUP: 4
8395 #SUP: 4
338 246 656 7969 9433 7990 #SUP: 4
94 108 18 222 730 119 220 176 1218 338 246 1174 334 193 1861 806 2109 2941 5971 13901 5972 7988 #SUP: 3
94 108 7988 #SUP: 4
7976 #SUP: 4
94 108 18 222 296 119 246 334 518 5971 7968 #SUP: 3
7968 #SUP: 4
7967 #SUP: 4
878 7967 #SUP: 3
296 2061 246 7936 #SUP: 3
296 176 7936 #SUP: 3
296 7936 #SUP: 4
7824 #SUP: 4
7823 #SUP: 4
7821 #SUP: 4
94 7763 #SUP: 4
7734 #SUP: 4
94 7734 #SUP: 3
7542 7543 7544 #SUP: 4
94 7470 #SUP: 3
7470 #SUP: 4
7430 #SUP: 4
94 1218 7430 #SUP: 3
7354 7378 7356 7379 #SUP: 3
7354 7378 749 7379 #SUP: 3
7354 7378 7379 #SUP: 4
7378 7344 7376 #SUP: 4
7360 7361 #SUP: 4
749 7356 #SUP: 3
7356 #SUP: 4
222 2332 7269 #SUP: 3
220 487 7269 #SUP: 3
7269 #SUP: 4
7258 #SUP: 4
94 7258 #SUP: 3
7227 #SUP: 4
94 18 7227 #SUP: 3
7215 #SUP: 4
7172 #SUP: 4
7159 7160 7161 7162 7163 7164 7165 7166 7168 #SUP: 4
108 7157 7158 #SUP: 4
7131 #SUP: 4
7121 #SUP: 4
94 108 18 119 338 246 1682 3042 13901 2519 6991 #SUP: 3
6991 #SUP: 4
1652 1861 6961 #SUP: 3
108 220 6961 #SUP: 3
6961 #SUP: 4
6860 #SUP: 4
222 220 1218 1682 6707 #SUP: 3
222 119 1218 6707 #SUP: 3
222 1218 6707 #SUP: 4
94 18 11116 6669 #SUP: 3
94 18 6669 #SUP: 4
1218 6491 #SUP: 3
6491 #SUP: 4
94 108 18 222 338 334 337 3115 3911 6173 #SUP: 3
94 18 222 6173 #SUP: 4
1174 2109 6037 #SUP: 3
6037 #SUP: 4
94 18 222 220 176 1218 5971 5972 #SUP: 4
5904 #SUP: 4
94 18 222 5308 5904 #SUP: 3
94 18 222 220 176 1218 5971 5496 #SUP: 4
5494 #SUP: 4
5470 #SUP: 4
176 6143 5470 #SUP: 3
5441 #SUP: 4
94 1218 177 5441 #SUP: 3
5360 #SUP: 4
1682 518 6209 5360 #SUP: 3
94 176 4414 5318 #SUP: 3
94 18 222 220 1218 5318 #SUP: 3
94 730 5318 #SUP: 3
94 5318 #SUP: 4
94 5194 #SUP: 4
220 4977 5047 #SUP: 3
94 4414 5047 #SUP: 3
296 5047 #SUP: 3
5047 #SUP: 4
4980 #SUP: 4
94 18 4977 #SUP: 3
4977 #SUP: 4
4828 #SUP: 4
4819 #SUP: 4
4789 #SUP: 4
4790 9084 4789 #SUP: 3
4786 #SUP: 4
4782 #SUP: 4
4765 #SUP: 4
1206 1207 4722 4743 #SUP: 3
94 1206 1207 4287 4743 #SUP: 3
1206 1207 4743 #SUP: 4
4740 4739 #SUP: 4
4730 #SUP: 4
4678 #SUP: 4
730 4562 4578 4545 #SUP: 4
4228 #SUP: 4
119 4223 #SUP: 3
222 4223 #SUP: 3
4223 #SUP: 4
94 18 222 730 246 4222 #SUP: 3
94 222 4222 #SUP: 4
2257 3481 4123 #SUP: 3
94 729 1452 4123 #SUP: 3
18 4123 #SUP: 3
4123 #SUP: 4
4078 #SUP: 4
94 222 4078 #SUP: 3
94 222 338 334 3911 #SUP: 4
3803 #SUP: 4
119 3678 #SUP: 3
3678 #SUP: 4
3674 #SUP: 4
222 3674 #SUP: 3
3485 #SUP: 4
222 334 2257 3485 #SUP: 3
94 334 2257 729 3481 #SUP: 3
2257 3481 #SUP: 4
3461 #SUP: 4
94 3685 3458 #SUP: 3
94 18 3458 #SUP: 3
94 3458 #SUP: 4
338 3441 #SUP: 4
3400 #SUP: 4
108 3212 3239 #SUP: 3
730 246 3239 #SUP: 3
3239 #SUP: 4
3195 3190 #SUP: 4
108 3168 #SUP: 4
1206 362 2582 3115 2517 3124 #SUP: 3
94 108 176 1206 362 2582 3115 3124 #SUP: 3
1206 362 2582 3115 3124 #SUP: 4
94 18 222 730 246 2431 2964 #SUP: 3
730 2964 #SUP: 4
2732 #SUP: 4
108 730 2941 3042 2732 #SUP: 3
94 18 730 334 2517 2712 #SUP: 3
108 730 337 2713 2712 #SUP: 3
730 2712 #SUP: 4
2632 #SUP: 4
2065 2632 #SUP: 3
2560 #SUP: 4
2519 2549 #SUP: 3
94 18 222 192 2549 #SUP: 3
2549 #SUP: 4
2517 #SUP: 4
2491 #SUP: 4
337 2489 #SUP: 3
1207 2489 #SUP: 3
2489 #SUP: 4
94 246 2470 #SUP: 3
94 2061 2470 #SUP: 3
94 2470 #SUP: 4
2457 #SUP: 4
94 220 2457 #SUP: 3
94 220 2332 2452 #SUP: 3
94 108 18 222 730 2452 #SUP: 3
94 2452 #SUP: 4
220 2359 #SUP: 3
119 2359 #SUP: 3
2359 #SUP: 4
94 2332 2326 #SUP: 3
2332 2326 #SUP: 4
94 2340 2324 #SUP: 4
94 2340 363 2324 #SUP: 3
94 729 2253 #SUP: 3
2257 2253 #SUP: 3
2253 #SUP: 4
2257 2213 2179 #SUP: 3
108 2179 #SUP: 3
2179 #SUP: 4
730 2061 2257 2123 3004 2169 #SUP: 3
2123 4758 2169 #SUP: 3
2123 2169 #SUP: 4
2096 #SUP: 4
2092 #SUP: 4
2064 #SUP: 4
2058 #SUP: 4
1886 #SUP: 4
1885 #SUP: 4
1874 #SUP: 4
94 18 222 730 246 198 1641 1858 #SUP: 3
222 1858 #SUP: 4
1747 #SUP: 4
94 1747 #SUP: 3
94 108 18 222 730 220 1218 1174 1727 15643 1631 #SUP: 3
94 108 18 222 730 220 1218 1174 1727 1631 #SUP: 4
94 18 246 1452 #SUP: 3
94 1452 #SUP: 4
1385 #SUP: 4
1324 #SUP: 4
12743 1324 #SUP: 3
1301 #SUP: 4
1231 #SUP: 4
94 1231 #SUP: 3
1150 #SUP: 4
338 1150 #SUP: 3
878 983 468 516 1095 223 230 991 996 964 984 1047 914 1005 1020 1123 1139 864 880 883 905 915 927 931 967 969 970 973 977 986 990 1030 839 840 841 842 843 844 845 846 847 848 849 850 851 852 853 854 855 856 857 859 860 861 862 863 865 866 867 868 869 870 871 872 873 874 875 876 877 879 881 882 884 885 886 887 888 889 890 891 892 893 894 895 896 897 898 899 900 901 902 903 904 906 907 908 909 910 911 912 913 916 917 918 919 920 921 922 923 924 925 926 928 929 930 932 933 934 935 936 937 938 939 940 941 942 943 944 945 946 947 948 949 950 951 952 953 954 955 956 957 958 959 960 961 963 965 966 968 971 972 974 975 976 978 979 980 981 982 985 987 988 989 992 993 994 995 997 998 999 1000 1001 1002 1003 1004 1006 1007 1008 1009 1010 1011 1012 1013 1014 1015 1016 1017 1018 1019 1021 1022 1023 1024 1025 1026 1027 1028 1029 1031 1032 1033 1034 1035 1036 1037 1038 1039 1040 1041 1042 1043 1044 1045 1046 1048 1049 1050 1051 1052 1053 1054 1055 1056 1057 1058 1059 1060 1061 1062 1063 1064 1065 1066 1067 1068 1069 1070 1071 1072 1073 1074 1075 1076 1077 1078 1079 1080 1081 1082 1083 1084 1085 1086 1087 1088 1089 1090 1091 1092 1093 1094 1096 1097 1098 1099 1100 1101 1102 1103 1104 1105 1106 1107 1108 1109 1110 1111 1112 1113 1114 1115 1116 1118 1119 1120 1121 1122 1124 1125 1126 1127 1128 1129 1130 1131 1132 1133 1134 1135 1136 1137 1138 #SUP: 4
836 #SUP: 4
807 #SUP: 4
94 807 #SUP: 3
802 #SUP: 4
730 802 #SUP: 3
797 #SUP: 4
789 #SUP: 4
771 #SUP: 4
727 #SUP: 4
726 #SUP: 4
94 670 #SUP: 4
94 730 806 695 631 #SUP: 3
94 730 806 631 #SUP: 4
94 730 176 294 757 806 631 #SUP: 3
562 #SUP: 4
546 #SUP: 4
535 #SUP: 4
519 #SUP: 4
509 #SUP: 4
488 #SUP: 4
482 #SUP: 4
478 #SUP: 4
17208 373 #SUP: 3
18 373 #SUP: 3
373 #SUP: 4
300 #SUP: 4
94 12933 8578 228 #SUP: 3
94 228 #SUP: 4
211 #SUP: 4
203 #SUP: 4
174 #SUP: 4
94 108 18 119 6 #SUP: 3
94 119 6 #SUP: 4
3 #SUP: 4
19384 #SUP: 5
94 246 19339 #SUP: 3
108 19339 #SUP: 3
94 19339 #SUP: 4
19339 #SUP: 5
18889 #SUP: 5
94 18889 #SUP: 3
18606 #SUP: 5
94 18 246 10312 18432 #SUP: 3
2094 18432 #SUP: 3
94 108 18 119 246 983 18432 #SUP: 3
94 18 246 18432 #SUP: 4
222 18432 #SUP: 3
18432 #SUP: 5
18056 #SUP: 5
18014 #SUP: 5
94 108 18 222 119 246 983 294 5971 17995 #SUP: 3
983 1652 17995 #SUP: 3
983 17995 #SUP: 4
94 108 17995 #SUP: 4
17995 #SUP: 5
17537 #SUP: 5
94 108 18 119 338 878 246 983 1297 13901 17412 #SUP: 3
94 246 294 1727 757 1592 198 201 1943 17412 #SUP: 3
94 246 294 1727 1627 17412 #SUP: 3
94 108 18 119 246 983 489 1682 1297 17412 #SUP: 3
94 108 18 119 246 983 1297 17412 #SUP: 4
94 246 201 17412 #SUP: 4
94 246 294 1727 17412 #SUP: 4
94 246 17412 #SUP: 5
199 186 17293 #SUP: 3
657 17293 #SUP: 3
176 17293 #SUP: 3
94 17293 #SUP: 3
17293 #SUP: 5
231 17249 #SUP: 3
94 17249 #SUP: 3
17249 #SUP: 5
16885 #SUP: 5
16840 #SUP: 5
94 730 16840 #SUP: 4
94 730 198 16408 16840 #SUP: 3
16604 #SUP: 5
16478 #SUP: 5
181 16478 #SUP: 3
222 1218 16421 #SUP: 3
94 1218 16421 #SUP: 3
1218 16421 #SUP: 4
16421 #SUP: 5
94 18 246 193 2094 277 16406 #SUP: 3
2094 16406 #SUP: 4
16406 #SUP: 5
94 246 198 16373 #SUP: 3
94 730 193 16373 #SUP: 3
94 246 16373 #SUP: 4
94 18 222 730 878 246 16373 #SUP: 3
94 730 16373 #SUP: 4
94 16373 #SUP: 5
94 1727 198 277 16370 #SUP: 3
736 16370 #SUP: 3
222 1218 334 16370 #SUP: 3
220 16370 #SUP: 3
16370 #SUP: 5
16236 #SUP: 5
16220 #SUP: 5
7319 15842 #SUP: 3
1167 15842 #SUP: 3
94 18 246 15842 #SUP: 3
15842 #SUP: 5
1682 2094 15810 #SUP: 3
1652 2094 15810 #SUP: 3
2094 15810 #SUP: 4
220 15810 #SUP: 4
15810 #SUP: 5
94 108 18 222 119 1218 983 1652 1727 198 1442 1860 15627 #SUP: 3
94 18 277 15627 #SUP: 3
94 18 246 193 2094 15627 #SUP: 3
94 18 15627 #SUP: 4
15627 #SUP: 5
18 15626 #SUP: 3
94 15626 #SUP: 3
15626 #SUP: 5
15602 #SUP: 5
1652 15600 #SUP: 3
94 108 15600 #SUP: 3
15600 #SUP: 5
94 15398 #SUP: 5
108 523 15239 #SUP: 3
108 334 199 15239 #SUP: 3
94 18 730 15239 #SUP: 3
108 15239 #SUP: 4
15239 #SUP: 5
15164 #SUP: 5
94 14433 #SUP: 5
94 14345 #SUP: 5
108 14143 #SUP: 3
94 14143 #SUP: 3
14143 #SUP: 5
13899 #SUP: 5
487 13899 #SUP: 3
13701 #SUP: 5
2018 13699 #SUP: 3
222 1174 13699 #SUP: 3
13699 #SUP: 5
13200 #SUP: 5
13190 #SUP: 5
94 730 13135 #SUP: 3
296 13135 #SUP: 3
13135 #SUP: 5
13131 #SUP: 5
94 13131 #SUP: 3
13018 #SUP: 5
181 13018 #SUP: 3
12586 #SUP: 5
483 12586 #SUP: 3
94 108 18 222 338 334 1727 8274 736 12509 #SUP: 3
94 108 119 12509 #SUP: 3
94 108 12509 #SUP: 4
12509 #SUP: 5
7378 12304 12350 12367 12348 12351 12352 12353 12354 12355 12356 12361 12349 12362 12365 12366 12368 #SUP: 4
7378 12304 12350 12367 12348 12351 12352 12353 12354 12355 12356 12361 12368 #SUP: 5
7378 12304 12350 12367 12348 12351 12352 12353 12354 12355 12356 12361 12349 12362 12365 12366 #SUP: 5
94 5316 12175 #SUP: 3
94 730 12175 #SUP: 3
94 12175 #SUP: 4
12175 #SUP: 5
12100 #SUP: 5
12029 #SUP: 5
2340 2330 12000 #SUP: 3
2340 4779 363 12000 #SUP: 3
2340 12000 #SUP: 4
12000 #SUP: 5
338 11806 #SUP: 3
94 108 18 222 296 1218 11806 #SUP: 3
11806 #SUP: 5
11697 #SUP: 5
1682 11697 #SUP: 3
94 108 119 10312 #SUP: 3
94 10312 #SUP: 4
10312 #SUP: 5
10188 #SUP: 5
10075 10076 10077 10079 #SUP: 5
10051 #SUP: 5
338 7969 737 770 9477 9830 #SUP: 4
9830 #SUP: 5
9789 9790 #SUP: 5
314 9789 9790 #SUP: 3
9787 #SUP: 5
9761 #SUP: 5
9758 #SUP: 5
9477 #SUP: 5
246 9638 9456 #SUP: 4
108 9456 #SUP: 3
9456 #SUP: 5
9433 #SUP: 5
9340 #SUP: 5
18 9152 #SUP: 3
94 9152 #SUP: 3
9152 #SUP: 5
94 3185 13901 9129 #SUP: 3
729 9129 #SUP: 3
11116 9129 #SUP: 4
94 9129 #SUP: 4
9129 #SUP: 5
4790 9084 #SUP: 4
483 442 4775 4790 9084 #SUP: 3
752 9084 #SUP: 3
9084 #SUP: 5
9078 9083 9069 9072 9073 9076 9077 9079 9080 #SUP: 5
8928 #SUP: 5
94 108 18 119 1174 8646 #SUP: 3
119 220 246 8646 #SUP: 3
119 8646 #SUP: 4
8646 #SUP: 5
8484 #SUP: 5
119 8484 #SUP: 3
502 8276 #SUP: 3
222 220 8276 #SUP: 3
94 8276 #SUP: 3
8276 #SUP: 5
1861 7987 #SUP: 3
94 730 7987 #SUP: 3
7987 #SUP: 5
7959 #SUP: 5
7574 #SUP: 5
7448 #SUP: 5
483 7448 #SUP: 3
7433 #SUP: 5
1218 7433 #SUP: 3
7378 12304 12350 12367 12348 12351 12352 12353 12354 12355 12356 12361 7344 #SUP: 4
7378 7344 #SUP: 5
7319 #SUP: 5
94 18 7319 #SUP: 4
94 18 14066 7319 #SUP: 3
7261 #SUP: 5
94 7261 #SUP: 4
7120 #SUP: 5
94 7120 #SUP: 3
94 108 18 222 334 5971 6857 #SUP: 3
94 18 176 736 6857 #SUP: 3
94 18 983 294 6857 #SUP: 3
94 18 6857 #SUP: 4
94 6857 #SUP: 5
222 1218 5308 6758 #SUP: 3
94 730 1861 6758 #SUP: 3
222 1218 6758 #SUP: 4
94 6758 #SUP: 4
6758 #SUP: 5
1682 6209 #SUP: 4
6209 #SUP: 5
334 6143 #SUP: 3
108 296 6143 #SUP: 3
6143 #SUP: 5
177 6134 #SUP: 3
94 18 222 1218 518 6134 #SUP: 4
1174 6134 #SUP: 3
6134 #SUP: 5
5909 #SUP: 5
18 192 5909 #SUP: 3
94 18 5370 #SUP: 4
108 5370 #SUP: 3
5370 #SUP: 5
18 176 5308 5357 #SUP: 3
1592 5357 #SUP: 3
94 176 5357 #SUP: 3
176 5357 #SUP: 4
5357 #SUP: 5
94 108 730 1174 1682 4998 #SUP: 3
94 1682 4998 #SUP: 4
4998 #SUP: 5
4804 #SUP: 5
94 4804 #SUP: 3
483 2332 2340 480 4779 2330 4783 #SUP: 3
483 480 4783 #SUP: 5
730 176 4414 #SUP: 3
176 4414 #SUP: 4
94 4414 #SUP: 4
4414 #SUP: 5
4378 #SUP: 5
191 4378 #SUP: 3
4241 #SUP: 5
94 4241 #SUP: 4
246 7969 9570 770 4092 #SUP: 3
338 246 9570 4092 #SUP: 3
296 2061 246 9570 4092 #SUP: 3
246 9570 4092 #SUP: 4
338 4092 #SUP: 4
4092 #SUP: 5
119 3662 #SUP: 3
94 3662 #SUP: 3
3662 #SUP: 5
2123 3042 2447 3359 #SUP: 3
94 119 338 607 3689 996 3359 #SUP: 3
94 119 338 3359 #SUP: 4
3359 #SUP: 5
94 108 296 176 1652 3195 3167 3212 #SUP: 3
108 3195 3167 3212 #SUP: 4
94 108 176 1652 2557 3212 #SUP: 3
94 108 176 1652 3212 #SUP: 4
108 3212 #SUP: 5
94 296 3191 #SUP: 3
3191 #SUP: 5
108 220 3167 #SUP: 3
108 3167 #SUP: 5
94 2332 2572 3216 3128 #SUP: 3
2332 2572 3128 #SUP: 4
94 3128 #SUP: 4
3128 #SUP: 5
176 3004 #SUP: 3
3004 #SUP: 5
2918 #SUP: 5
108 176 338 334 371 2713 #SUP: 3
1206 2713 #SUP: 3
108 2713 #SUP: 4
2713 #SUP: 5
2572 362 2573 #SUP: 4
94 2573 #SUP: 3
2573 #SUP: 5
1652 2557 2566 #SUP: 3
119 176 1652 193 192 2566 #SUP: 3
1652 2566 #SUP: 4
176 2566 #SUP: 4
2566 #SUP: 5
2519 #SUP: 5
94 246 2332 2431 #SUP: 3
94 18 487 2431 #SUP: 3
94 246 2431 #SUP: 4
94 18 2431 #SUP: 4
94 2431 #SUP: 5
176 2213 #SUP: 3
730 2213 #SUP: 3
2213 #SUP: 5
2065 #SUP: 5
222 730 1861 806 1892 #SUP: 3
222 730 1861 1892 #SUP: 4
1892 #SUP: 5
18 487 1860 #SUP: 3
730 176 983 1860 #SUP: 3
983 1860 #SUP: 4
18 1860 #SUP: 4
1860 #SUP: 5
94 18 730 1174 1789 #SUP: 3
1218 1789 #SUP: 3
1789 #SUP: 5
1735 #SUP: 5
119 176 1652 193 198 201 190 1641 #SUP: 3
94 108 730 1174 198 2094 18282 1641 #SUP: 3
198 16408 1641 #SUP: 3
94 730 198 1641 #SUP: 4
198 1641 #SUP: 5
94 18 222 730 246 1639 #SUP: 3
222 1218 1639 #SUP: 3
222 1639 #SUP: 4
1639 #SUP: 5
730 246 190 1560 #SUP: 3
246 1560 #SUP: 4
1560 #SUP: 5
201 1460 #SUP: 3
18 1460 #SUP: 3
1460 #SUP: 5
1218 1442 #SUP: 4
1442 #SUP: 5
1323 #SUP: 5
94 1323 #SUP: 3
1304 #SUP: 5
94 1218 878 12933 17014 1222 #SUP: 3
94 108 119 1222 #SUP: 3
94 1222 #SUP: 5
1219 #SUP: 5
94 1219 #SUP: 3
1217 #SUP: 5
1194 #SUP: 5
94 1194 #SUP: 4
1861 1170 #SUP: 3
94 222 1218 1170 #SUP: 4
1170 #SUP: 5
1030 #SUP: 5
878 983 468 1095 1047 1005 864 977 990 #SUP: 5
986 #SUP: 5
964 973 #SUP: 5
970 #SUP: 5
969 #SUP: 5
983 516 967 #SUP: 5
931 #SUP: 5
927 #SUP: 5
914 915 #SUP: 5
905 #SUP: 5
883 #SUP: 5
880 #SUP: 5
803 #SUP: 5
16076 803 #SUP: 3
792 #SUP: 5
246 7969 9570 770 #SUP: 4
7969 770 #SUP: 5
759 #SUP: 5
1727 759 #SUP: 3
7378 749 #SUP: 4
108 749 #SUP: 3
749 #SUP: 5
1167 746 #SUP: 3
94 17208 746 #SUP: 3
746 #SUP: 5
745 #SUP: 5
94 745 #SUP: 3
231 739 #SUP: 3
222 176 739 #SUP: 3
94 739 #SUP: 3
739 #SUP: 5
737 #SUP: 5
94 294 600 #SUP: 3
94 18 119 600 #SUP: 3
94 730 600 #SUP: 3
94 600 #SUP: 4
600 #SUP: 5
536 #SUP: 5
108 536 #SUP: 3
15700 507 #SUP: 3
2624 507 #SUP: 3
507 #SUP: 5
476 #SUP: 5
94 730 176 371 #SUP: 3
176 371 #SUP: 4
371 #SUP: 5
368 365 366 367 #SUP: 3
480 368 366 367 #SUP: 4
368 366 367 #SUP: 5
222 334 365 #SUP: 3
483 365 #SUP: 3
94 365 #SUP: 3
365 #SUP: 5
108 314 332 #SUP: 4
94 108 314 332 #SUP: 3
332 #SUP: 5
270 #SUP: 5
234 #SUP: 5
94 234 #SUP: 3
222 1174 190 #SUP: 3
190 #SUP: 5
119 176 1652 193 13862 186 #SUP: 3
176 186 #SUP: 4
186 #SUP: 5
182 #SUP: 5
175 #SUP: 5
878 47 #SUP: 3
18 47 #SUP: 3
47 #SUP: 5
94 108 1682 18282 #SUP: 3
1174 18282 #SUP: 4
94 108 18282 #SUP: 4
18282 #SUP: 6
17893 #SUP: 6
108 18 1218 17357 #SUP: 3
108 17357 #SUP: 4
94 17357 #SUP: 3
17357 #SUP: 6
17281 #SUP: 6
94 17281 #SUP: 3
730 372 17247 #SUP: 3
14066 17247 #SUP: 3
222 17247 #SUP: 3
17247 #SUP: 6
17212 #SUP: 6
94 17182 17014 #SUP: 3
94 108 730 1174 2094 16408 17014 #SUP: 3
94 17014 #SUP: 5
17014 #SUP: 6
16883 #SUP: 6
17966 16679 #SUP: 6
16576 #SUP: 6
94 1317 16475 #SUP: 3
94 878 16475 #SUP: 3
222 1218 16475 #SUP: 3
119 16475 #SUP: 3
222 16475 #SUP: 4
94 222 16475 #SUP: 3
94 16475 #SUP: 5
16475 #SUP: 6
16150 #SUP: 6
16132 #SUP: 6
483 16132 #SUP: 3
222 730 16408 15643 #SUP: 3
94 730 806 15643 #SUP: 3
222 296 730 15643 #SUP: 3
222 730 15643 #SUP: 4
94 730 15643 #SUP: 4
730 15643 #SUP: 5
15643 #SUP: 6
94 296 1218 334 193 729 13901 #SUP: 3
220 1174 193 2109 8636 13901 #SUP: 3
220 1174 193 2109 13901 #SUP: 4
94 1218 983 334 193 241 294 13901 #SUP: 3
94 1218 334 193 13901 #SUP: 4
193 13901 #SUP: 5
94 983 13901 #SUP: 4
94 108 18 119 338 246 13901 #SUP: 4
94 13901 #SUP: 5
13901 #SUP: 6
193 13862 #SUP: 4
13862 #SUP: 6
13400 #SUP: 6
176 13268 #SUP: 3
296 13268 #SUP: 4
13268 #SUP: 6
12931 #SUP: 6
7378 12304 12350 12367 12348 12351 12352 12353 12354 12355 12356 12361 #SUP: 6
4758 11556 #SUP: 3
176 1592 11556 #SUP: 3
2340 11556 #SUP: 3
2257 11556 #SUP: 3
119 11556 #SUP: 3
11556 #SUP: 6
11498 #SUP: 6
9638 #SUP: 6
338 246 9570 #SUP: 4
246 9570 #SUP: 5
338 9570 #SUP: 5
9570 #SUP: 6
656 9568 #SUP: 4
338 246 9568 #SUP: 4
9568 #SUP: 6
94 334 9131 #SUP: 3
296 9131 #SUP: 3
94 9131 #SUP: 5
9131 #SUP: 6
9101 #SUP: 6
8827 #SUP: 6
1218 8558 #SUP: 3
94 8558 #SUP: 4
8558 #SUP: 6
108 220 16076 7953 #SUP: 3
108 220 7953 #SUP: 4
7953 #SUP: 6
7781 #SUP: 6
17966 7173 #SUP: 3
16076 7173 #SUP: 4
7173 #SUP: 6
108 1168 7157 #SUP: 3
94 108 18 222 119 246 983 334 294 5971 7157 #SUP: 3
94 108 18 222 296 119 983 334 468 518 7157 #SUP: 3
94 108 18 222 119 1218 338 983 334 1727 277 7157 #SUP: 3
94 108 18 222 119 983 334 7157 #SUP: 4
108 7157 #SUP: 6
6877 #SUP: 6
6863 #SUP: 6
94 730 176 3685 5316 #SUP: 3
94 246 5316 #SUP: 3
94 176 5316 #SUP: 4
94 18 5316 #SUP: 4
94 5316 #SUP: 5
5316 #SUP: 6
94 108 18 222 730 119 220 176 1218 246 1174 193 1861 1682 806 192 1694 5971 4869 #SUP: 3
94 222 119 1694 4869 #SUP: 4
1218 983 4869 #SUP: 3
1218 4869 #SUP: 4
108 176 4869 #SUP: 4
4869 #SUP: 6
9078 9083 4790 #SUP: 3
334 4790 #SUP: 3
483 4790 #SUP: 4
4790 #SUP: 6
4775 #SUP: 6
1299 4758 #SUP: 3
2123 3042 4758 #SUP: 3
2123 4758 #SUP: 4
2257 2123 4758 #SUP: 3
4758 #SUP: 6
94 296 334 4722 #SUP: 3
94 4722 #SUP: 4
4722 #SUP: 6
94 108 119 2061 1652 4578 #SUP: 3
94 4578 #SUP: 4
4578 #SUP: 6
1206 1207 4287 #SUP: 4
94 2332 4287 #SUP: 3
1206 4287 #SUP: 5
94 1206 4287 #SUP: 4
94 4287 #SUP: 5
4287 #SUP: 6
94 108 119 1652 3115 #SUP: 3
94 108 296 1652 3115 #SUP: 3
94 108 1652 3115 #SUP: 4
1652 3115 #SUP: 5
94 108 3115 #SUP: 5
3115 #SUP: 6
1652 2557 #SUP: 4
2557 #SUP: 6
94 18 730 1174 2550 #SUP: 3
1652 2550 #SUP: 3
94 1218 2550 #SUP: 3
108 2550 #SUP: 3
94 2550 #SUP: 4
2550 #SUP: 6
2340 2447 #SUP: 3
2257 2447 #SUP: 3
94 246 2447 #SUP: 3
119 2447 #SUP: 3
2447 #SUP: 6
2332 2340 480 363 2330 2333 #SUP: 3
2332 2340 363 2330 2333 #SUP: 5
480 4809 2333 #SUP: 3
480 2333 #SUP: 4
2333 #SUP: 6
94 8578 1943 #SUP: 3
94 1967 1943 #SUP: 4
94 220 1652 1967 1943 #SUP: 3
94 12933 1943 #SUP: 3
94 1218 1592 1943 #SUP: 3
94 1592 1943 #SUP: 4
94 1943 #SUP: 6
983 1891 #SUP: 3
94 1891 #SUP: 4
1891 #SUP: 6
1341 #SUP: 6
1302 #SUP: 6
1299 #SUP: 6
1223 #SUP: 6
94 1223 #SUP: 4
94 18 1223 #SUP: 3
1168 #SUP: 6
1167 #SUP: 6
94 18 14066 1167 #SUP: 3
516 1139 #SUP: 5
1139 #SUP: 6
516 1095 1123 #SUP: 5
1123 #SUP: 6
1020 #SUP: 6
1005 #SUP: 6
914 #SUP: 6
222 804 #SUP: 4
804 #SUP: 6
752 #SUP: 6
94 752 #SUP: 3
222 176 1174 518 729 #SUP: 3
94 334 729 #SUP: 4
94 18 246 729 #SUP: 3
222 729 #SUP: 4
94 729 #SUP: 5
729 #SUP: 6
695 #SUP: 6
94 695 #SUP: 4
176 657 #SUP: 3
94 657 #SUP: 4
657 #SUP: 6
246 622 #SUP: 4
94 622 #SUP: 3
622 #SUP: 6
564 #SUP: 6
530 #SUP: 6
523 522 #SUP: 3
220 522 #SUP: 3
522 #SUP: 6
290 #SUP: 6
94 290 #SUP: 4
94 198 290 #SUP: 3
108 2061 239 #SUP: 3
239 #SUP: 6
222 1218 17151 224 #SUP: 3
1174 224 #SUP: 3
222 224 #SUP: 4
94 222 224 #SUP: 3
224 #SUP: 6
177 #SUP: 6
94 222 220 1174 201 2094 7935 17205 #SUP: 3
94 222 220 1174 2094 17205 #SUP: 4
94 18 730 231 17205 #SUP: 3
94 231 17205 #SUP: 4
94 18 730 17205 #SUP: 4
108 17205 #SUP: 4
94 17205 #SUP: 5
17205 #SUP: 7
94 198 15794 #SUP: 3
483 15794 #SUP: 3
94 15794 #SUP: 4
15794 #SUP: 7
15745 #SUP: 7
15744 #SUP: 7
10344 15729 #SUP: 3
181 15729 #SUP: 3
119 220 246 15729 #SUP: 3
246 15729 #SUP: 4
220 15729 #SUP: 4
94 15729 #SUP: 4
15729 #SUP: 7
94 17208 15464 #SUP: 3
94 730 176 246 489 15464 #SUP: 3
220 15464 #SUP: 3
94 15464 #SUP: 4
15464 #SUP: 7
13065 #SUP: 7
94 13065 #SUP: 4
12367 #SUP: 7
2123 12304 12350 #SUP: 3
12304 12350 #SUP: 7
12171 #SUP: 7
9815 #SUP: 7
487 9815 #SUP: 3
2257 9598 #SUP: 3
9598 #SUP: 7
246 9588 #SUP: 4
296 9588 #SUP: 3
9588 #SUP: 7
9480 #SUP: 7
9078 9083 #SUP: 7
1207 9078 9083 #SUP: 3
94 296 334 9015 #SUP: 3
94 983 9015 #SUP: 3
108 119 9015 #SUP: 3
94 9015 #SUP: 4
9015 #SUP: 7
8636 #SUP: 7
94 15700 8578 #SUP: 3
94 108 220 1861 231 2094 8578 #SUP: 3
94 231 198 8578 #SUP: 3
94 231 8578 #SUP: 4
94 176 8578 #SUP: 3
94 8578 #SUP: 7
8273 #SUP: 7
94 8273 #SUP: 3
94 730 176 241 757 7969 #SUP: 3
296 2061 246 7969 #SUP: 3
246 7969 #SUP: 5
338 7969 #SUP: 5
108 338 7969 #SUP: 3
7969 #SUP: 7
7354 7378 #SUP: 5
7378 #SUP: 7
7354 #SUP: 7
6861 #SUP: 7
94 108 18 222 730 176 1861 3685 5971 #SUP: 3
94 108 18 222 730 176 1727 1861 17208 1317 1627 5971 #SUP: 3
94 108 18 222 119 246 983 294 17208 1627 5971 #SUP: 3
94 108 18 222 334 17208 1627 5971 #SUP: 3
94 108 18 222 17208 1627 5971 #SUP: 4
94 18 222 518 5971 #SUP: 4
94 18 222 220 176 1218 1682 192 5971 #SUP: 4
94 108 18 222 730 119 220 176 1218 246 1174 193 1861 806 5971 #SUP: 4
94 108 18 222 730 176 1727 1861 5971 #SUP: 4
94 108 18 222 730 176 338 334 1861 5971 #SUP: 4
94 108 18 222 730 176 1861 5971 #SUP: 5
94 108 18 222 119 246 983 294 5971 #SUP: 4
94 108 18 222 119 246 334 5971 #SUP: 4
94 108 18 222 334 5971 #SUP: 5
94 108 18 222 119 246 5971 #SUP: 5
94 18 222 220 176 1218 5971 #SUP: 5
94 18 222 176 5971 #SUP: 6
94 18 222 5971 #SUP: 7
94 108 18 222 5971 #SUP: 6
4805 #SUP: 7
1207 4749 #SUP: 3
2257 4749 #SUP: 4
193 2257 4749 #SUP: 3
193 4749 #SUP: 4
94 193 4749 #SUP: 3
4749 #SUP: 7
108 193 607 1967 4657 #SUP: 3
730 4657 #SUP: 4
108 4657 #SUP: 4
4657 #SUP: 7
4584 #SUP: 7
730 4584 #SUP: 4
94 607 4131 #SUP: 4
94 222 119 334 4131 #SUP: 3
94 18 246 4131 #SUP: 3
176 4131 #SUP: 3
94 108 119 4131 #SUP: 3
94 119 4131 #SUP: 4
108 296 4131 #SUP: 3
108 4131 #SUP: 4
94 4131 #SUP: 6
4131 #SUP: 7
1174 2109 3913 #SUP: 3
119 3913 #SUP: 4
3913 #SUP: 7
94 18 176 2582 3685 #SUP: 3
18 15516 1627 3685 #SUP: 3
94 730 176 246 1592 3685 #SUP: 3
94 730 176 757 3685 #SUP: 3
94 18 176 1727 3685 #SUP: 3
94 176 2061 3685 #SUP: 3
94 730 176 3685 #SUP: 4
94 18 176 3685 #SUP: 4
94 176 3685 #SUP: 5
18 119 3685 #SUP: 3
119 3685 #SUP: 4
296 3685 #SUP: 3
94 222 3685 #SUP: 4
18 3685 #SUP: 5
94 3685 #SUP: 6
3685 #SUP: 7
2257 3216 #SUP: 3
94 176 3216 #SUP: 3
94 18 3216 #SUP: 3
94 3216 #SUP: 4
3216 #SUP: 7
3195 #SUP: 7
334 3185 #SUP: 3
94 18 3185 #SUP: 3
108 3185 #SUP: 3
94 3185 #SUP: 4
3185 #SUP: 7
2257 2123 3042 #SUP: 3
108 2061 2123 3042 #SUP: 3
18 2123 3042 #SUP: 3
2123 3042 #SUP: 5
18 3042 #SUP: 4
108 3042 #SUP: 4
3042 #SUP: 7
231 2941 #SUP: 3
108 730 2941 #SUP: 4
94 2941 #SUP: 4
2941 #SUP: 7
2340 2628 #SUP: 3
2257 2628 #SUP: 3
222 1218 334 2628 #SUP: 3
94 18 119 334 2628 #SUP: 3
334 2628 #SUP: 4
94 108 119 2628 #SUP: 3
94 119 2628 #SUP: 4
119 2628 #SUP: 5
94 2628 #SUP: 5
2628 #SUP: 7
94 176 2582 #SUP: 4
2582 #SUP: 7
94 18 176 983 294 1887 #SUP: 3
94 18 1887 #SUP: 4
94 1887 #SUP: 6
1887 #SUP: 7
806 1884 #SUP: 3
1218 1884 #SUP: 3
1884 #SUP: 7
220 1850 #SUP: 3
94 1850 #SUP: 4
1850 #SUP: 7
94 730 806 1694 #SUP: 4
94 1652 1694 #SUP: 3
94 1694 #SUP: 6
1694 #SUP: 7
277 1627 #SUP: 3
94 1727 757 1627 #SUP: 3
94 1727 1627 #SUP: 4
94 246 294 1627 #SUP: 4
108 193 1627 #SUP: 3
18 119 1627 #SUP: 4
296 1627 #SUP: 3
18 1627 #SUP: 5
108 1627 #SUP: 5
94 1627 #SUP: 5
1627 #SUP: 7
1186 #SUP: 7
119 1652 198 1146 #SUP: 3
119 1146 #SUP: 4
296 119 1146 #SUP: 3
1146 #SUP: 7
878 983 223 230 964 1047 #SUP: 5
223 1047 #SUP: 6
878 983 1047 #SUP: 6
18 176 338 1047 #SUP: 3
1047 #SUP: 7
984 #SUP: 7
964 #SUP: 7
521 #SUP: 7
1652 4562 2109 518 #SUP: 3
222 11116 518 #SUP: 3
2094 518 #SUP: 3
94 108 18 222 296 119 334 518 #SUP: 4
1652 518 #SUP: 4
222 176 518 #SUP: 4
94 18 222 518 #SUP: 5
222 518 #SUP: 6
518 #SUP: 7
736 517 #SUP: 3
94 176 1727 757 517 #SUP: 3
1174 516 517 #SUP: 3
222 176 517 #SUP: 3
176 517 #SUP: 5
94 18 222 730 517 #SUP: 3
222 517 #SUP: 4
94 517 #SUP: 4
517 #SUP: 7
222 501 #SUP: 3
94 18 501 #SUP: 3
501 #SUP: 7
500 #SUP: 7
222 477 #SUP: 3
94 477 #SUP: 3
477 #SUP: 7
730 14066 372 #SUP: 3
2332 372 #SUP: 3
730 372 #SUP: 4
94 18 222 730 372 #SUP: 3
94 108 372 #SUP: 3
94 372 #SUP: 4
372 #SUP: 7
480 368 #SUP: 6
483 480 368 #SUP: 5
222 368 #SUP: 3
94 368 #SUP: 3
368 #SUP: 7
94 363 362 #SUP: 3
730 176 362 #SUP: 3
176 362 #SUP: 4
94 362 #SUP: 4
362 #SUP: 7
94 18 736 337 #SUP: 3
2257 337 #SUP: 3
1206 337 #SUP: 3
108 1652 337 #SUP: 3
94 18 176 337 #SUP: 3
94 18 337 #SUP: 4
108 337 #SUP: 4
337 #SUP: 7
231 11116 318 #SUP: 3
231 2094 318 #SUP: 3
231 318 #SUP: 4
94 231 318 #SUP: 3
176 318 #SUP: 3
220 318 #SUP: 3
222 318 #SUP: 3
318 #SUP: 7
94 1727 277 #SUP: 4
108 193 277 #SUP: 3
193 277 #SUP: 4
94 246 277 #SUP: 4
108 296 277 #SUP: 3
94 18 277 #SUP: 4
108 277 #SUP: 4
94 277 #SUP: 5
277 #SUP: 7
94 9005 236 #SUP: 3
487 193 236 #SUP: 3
193 236 #SUP: 4
94 236 #SUP: 5
236 #SUP: 7
220 1652 7935 1297 18370 #SUP: 3
94 18 487 1727 7935 18370 #SUP: 3
7935 18370 #SUP: 4
94 1727 18370 #SUP: 4
94 108 119 1652 18370 #SUP: 3
1652 18370 #SUP: 4
94 108 119 18370 #SUP: 4
94 18370 #SUP: 6
18370 #SUP: 8
17546 #SUP: 8
94 17546 #SUP: 4
1218 17182 #SUP: 3
94 296 17182 #SUP: 3
94 17182 #SUP: 4
17182 #SUP: 8
16881 #SUP: 8
94 16881 #SUP: 4
222 15516 #SUP: 5
94 222 15516 #SUP: 3
94 15516 #SUP: 4
15516 #SUP: 8
17208 14066 #SUP: 3
222 14066 #SUP: 4
94 108 18 222 14066 #SUP: 3
94 18 14066 #SUP: 4
14066 #SUP: 8
13219 #SUP: 8
94 730 13219 #SUP: 3
10390 #SUP: 8
94 10390 #SUP: 3
10344 #SUP: 8
94 10344 #SUP: 4
9040 #SUP: 8
94 9040 #SUP: 5
94 18 9040 #SUP: 3
7577 #SUP: 8
94 7577 #SUP: 3
7208 #SUP: 8
7171 #SUP: 8
1682 2094 7136 #SUP: 3
94 730 7136 #SUP: 3
94 7136 #SUP: 4
7136 #SUP: 8
222 736 5308 #SUP: 3
730 246 5308 #SUP: 3
94 246 5308 #SUP: 3
246 5308 #SUP: 4
18 338 5308 #SUP: 3
222 1218 5308 #SUP: 4
94 220 5308 #SUP: 3
222 5308 #SUP: 5
94 18 222 5308 #SUP: 4
18 5308 #SUP: 5
94 5308 #SUP: 5
5308 #SUP: 8
2332 2340 480 2330 #SUP: 4
480 2330 #SUP: 5
334 2332 2340 2330 #SUP: 3
220 2332 2340 2330 #SUP: 3
2332 2340 2330 #SUP: 6
2340 2330 #SUP: 7
2330 #SUP: 8
1682 2109 #SUP: 3
1174 241 2109 #SUP: 3
1174 2109 #SUP: 6
220 2109 #SUP: 5
94 220 2109 #SUP: 4
2109 #SUP: 8
108 193 7935 1967 #SUP: 3
2123 1967 #SUP: 3
220 1174 487 193 1967 #SUP: 4
108 296 193 1967 #SUP: 3
108 193 1967 #SUP: 4
193 1967 #SUP: 5
1652 1174 1967 #SUP: 4
1174 1967 #SUP: 5
94 220 1652 1967 #SUP: 4
1652 1967 #SUP: 5
220 1967 #SUP: 5
94 1967 #SUP: 5
1967 #SUP: 8
314 1297 #SUP: 3
108 1861 1944 1297 #SUP: 3
108 1861 1297 #SUP: 4
108 176 338 334 1297 #SUP: 3
108 338 1297 #SUP: 4
108 176 1297 #SUP: 4
220 1297 #SUP: 4
94 18 1297 #SUP: 5
108 1297 #SUP: 6
1297 #SUP: 8
878 983 996 #SUP: 5
222 996 #SUP: 3
996 #SUP: 8
983 1095 991 #SUP: 5
983 468 516 991 #SUP: 5
983 991 #SUP: 6
94 991 #SUP: 3
991 #SUP: 8
94 18 222 198 736 #SUP: 3
94 18 983 736 #SUP: 3
222 1218 736 #SUP: 3
296 736 #SUP: 3
94 18 222 736 #SUP: 4
222 736 #SUP: 5
94 18 736 #SUP: 5
736 #SUP: 8
8274 523 #SUP: 3
94 523 #SUP: 4
523 #SUP: 8
94 2340 4740 363 #SUP: 3
94 2340 363 #SUP: 4
2340 363 #SUP: 6
94 18 334 363 #SUP: 3
94 363 #SUP: 5
363 #SUP: 8
223 230 #SUP: 6
878 230 #SUP: 6
230 #SUP: 8
231 223 #SUP: 3
878 223 #SUP: 6
223 #SUP: 8
119 176 193 1317 192 #SUP: 3
119 1317 192 #SUP: 4
94 18 119 1317 192 #SUP: 3
191 192 #SUP: 4
119 176 193 192 #SUP: 4
18 487 192 #SUP: 3
94 18 119 334 192 #SUP: 3
176 192 #SUP: 5
94 18 119 192 #SUP: 4
119 192 #SUP: 5
94 18 222 192 #SUP: 5
18 192 #SUP: 7
94 18 192 #SUP: 6
192 #SUP: 8
1317 17151 #SUP: 3
94 1727 17151 #SUP: 3
222 1218 17151 #SUP: 4
94 222 1218 17151 #SUP: 3
176 17151 #SUP: 4
94 176 17151 #SUP: 3
119 17151 #SUP: 3
94 730 17151 #SUP: 3
94 108 17151 #SUP: 3
94 17151 #SUP: 6
17151 #SUP: 9
119 176 193 199 16408 #SUP: 3
119 2094 16408 #SUP: 3
2094 16408 #SUP: 4
119 201 16408 #SUP: 3
119 198 16408 #SUP: 3
198 16408 #SUP: 4
94 730 1682 16408 #SUP: 3
94 18 730 119 220 878 334 16408 #SUP: 3
108 176 16408 #SUP: 3
176 16408 #SUP: 4
119 16408 #SUP: 5
94 730 16408 #SUP: 4
730 16408 #SUP: 5
296 16408 #SUP: 3
108 16408 #SUP: 4
16408 #SUP: 9
18 176 1592 12743 #SUP: 3
18 757 12743 #SUP: 3
94 1218 12743 #SUP: 3
18 12743 #SUP: 4
94 12743 #SUP: 4
12743 #SUP: 9
10062 #SUP: 9
17966 10062 #SUP: 3
9762 #SUP: 9
94 9762 #SUP: 5
8929 #SUP: 9
468 8274 #SUP: 3
18 296 119 8274 #SUP: 3
18 8274 #SUP: 4
94 8274 #SUP: 4
8274 #SUP: 9
483 7449 #SUP: 3
94 7449 #SUP: 4
7449 #SUP: 9
480 4809 #SUP: 6
2340 4809 #SUP: 3
4809 #SUP: 9
480 4779 #SUP: 4
2340 4779 #SUP: 4
2332 4779 #SUP: 4
483 4779 #SUP: 4
4779 #SUP: 9
108 119 4562 #SUP: 4
94 108 119 4562 #SUP: 3
222 296 4562 #SUP: 3
4562 #SUP: 9
94 108 18 222 730 220 1218 1174 4205 #SUP: 3
94 222 4205 #SUP: 4
18 4205 #SUP: 4
94 4205 #SUP: 5
4205 #SUP: 9
94 108 1682 3689 #SUP: 3
94 2061 3689 #SUP: 3
108 3689 #SUP: 4
94 3689 #SUP: 5
3689 #SUP: 9
1339 #SUP: 9
176 199 1317 #SUP: 3
94 108 220 1861 2094 1317 #SUP: 3
198 1317 #SUP: 3
94 108 1861 1317 #SUP: 4
334 1317 #SUP: 4
94 18 334 1317 #SUP: 3
94 222 1218 1317 #SUP: 3
176 1317 #SUP: 4
94 222 1317 #SUP: 4
94 18 1317 #SUP: 4
94 1317 #SUP: 6
1317 #SUP: 9
94 730 176 607 806 #SUP: 3
730 16076 806 #SUP: 3
94 730 176 878 294 12933 806 #SUP: 3
222 730 489 1861 1682 806 #SUP: 3
222 730 1861 1682 806 #SUP: 4
222 730 1861 806 #SUP: 5
94 730 176 294 806 #SUP: 4
94 730 176 806 #SUP: 5
94 730 806 #SUP: 6
730 806 #SUP: 7
806 #SUP: 9
18 2123 607 #SUP: 3
108 2123 607 #SUP: 3
2123 607 #SUP: 4
94 108 18 119 246 1682 607 #SUP: 3
94 108 119 1652 607 #SUP: 3
94 108 119 2061 607 #SUP: 3
94 108 119 607 #SUP: 4
94 119 607 #SUP: 5
18 607 #SUP: 4
108 607 #SUP: 5
94 607 #SUP: 6
607 #SUP: 9
94 983 314 #SUP: 3
220 314 #SUP: 3
94 314 #SUP: 5
314 #SUP: 9
108 334 17208 199 #SUP: 3
193 12933 199 #SUP: 3
12933 199 #SUP: 4
193 199 #SUP: 4
108 334 199 #SUP: 4
1652 199 #SUP: 4
119 1652 199 #SUP: 3
176 199 #SUP: 4
119 199 #SUP: 4
108 199 #SUP: 5
94 108 199 #SUP: 4
199 #SUP: 9
181 #SUP: 9
17966 #SUP: 10
108 334 17208 #SUP: 4
18 176 338 17208 #SUP: 3
18 176 17208 #SUP: 4
18 17208 #SUP: 5
108 17208 #SUP: 5
94 17208 #SUP: 5
17208 #SUP: 10
489 16076 #SUP: 3
222 730 16076 #SUP: 3
94 730 16076 #SUP: 3
730 16076 #SUP: 4
16076 #SUP: 10
222 176 1174 231 2094 15700 #SUP: 3
466 15700 #SUP: 3
222 15700 #SUP: 4
94 18 222 15700 #SUP: 3
94 15700 #SUP: 4
15700 #SUP: 10
1652 15490 #SUP: 3
222 15490 #SUP: 3
94 15490 #SUP: 4
15490 #SUP: 10
15175 #SUP: 10
94 15175 #SUP: 3
516 11116 #SUP: 3
1174 11116 #SUP: 3
94 108 18 119 338 11116 #SUP: 3
2061 11116 #SUP: 4
296 11116 #SUP: 3
222 11116 #SUP: 4
94 18 11116 #SUP: 4
108 11116 #SUP: 6
94 108 11116 #SUP: 5
94 11116 #SUP: 6
11116 #SUP: 10
231 7935 #SUP: 3
220 487 7935 #SUP: 3
487 7935 #SUP: 5
220 7935 #SUP: 5
108 7935 #SUP: 4
94 7935 #SUP: 4
7935 #SUP: 10
7132 #SUP: 10
1592 6878 #SUP: 3
516 6878 #SUP: 3
6878 #SUP: 10
2572 4740 #SUP: 4
2340 4740 #SUP: 4
94 18 2332 4740 #SUP: 4
94 18 222 730 2332 4740 #SUP: 3
220 1174 4740 #SUP: 3
222 296 4740 #SUP: 3
222 4740 #SUP: 4
94 4740 #SUP: 5
4740 #SUP: 10
730 2624 #SUP: 4
94 730 2624 #SUP: 3
94 2624 #SUP: 5
2624 #SUP: 10
119 201 2094 #SUP: 3
201 2094 #SUP: 4
94 108 198 2094 #SUP: 4
1682 2094 #SUP: 4
94 108 730 1174 1682 2094 #SUP: 3
1944 231 2094 #SUP: 3
222 1174 231 2094 #SUP: 4
94 220 231 2094 #SUP: 4
231 2094 #SUP: 5
222 176 1174 1944 2094 #SUP: 3
1944 2094 #SUP: 4
94 108 220 1861 2094 #SUP: 4
94 18 246 193 2094 #SUP: 4
222 176 1174 2094 #SUP: 4
94 108 730 1174 2094 #SUP: 4
222 1174 2094 #SUP: 5
94 1174 2094 #SUP: 5
1174 2094 #SUP: 6
94 220 2094 #SUP: 5
119 2094 #SUP: 4
94 108 2094 #SUP: 5
94 2094 #SUP: 7
2094 #SUP: 10
119 1682 1624 #SUP: 3
94 220 246 1624 #SUP: 3
94 246 1624 #SUP: 4
222 119 220 1218 1624 #SUP: 3
220 1624 #SUP: 4
119 1624 #SUP: 4
1624 #SUP: 10
656 #SUP: 10
94 246 231 198 201 #SUP: 3
94 246 198 201 #SUP: 4
198 201 #SUP: 5
94 231 201 #SUP: 4
94 730 294 201 #SUP: 3
94 294 201 #SUP: 4
94 246 489 201 #SUP: 3
94 246 201 #SUP: 5
94 878 201 #SUP: 3
119 201 #SUP: 5
94 201 #SUP: 7
201 #SUP: 10
94 730 1682 198 #SUP: 3
94 231 198 #SUP: 4
94 1727 198 #SUP: 4
94 18 119 334 198 #SUP: 3
119 1652 198 #SUP: 4
94 246 198 #SUP: 5
94 18 730 878 198 #SUP: 3
94 18 730 119 220 198 #SUP: 3
94 220 198 #SUP: 4
94 18 119 198 #SUP: 4
119 198 #SUP: 5
94 18 730 198 #SUP: 4
94 730 198 #SUP: 5
94 18 222 198 #SUP: 4
94 18 198 #SUP: 5
94 108 198 #SUP: 5
94 198 #SUP: 9
198 #SUP: 10
1218 878 983 12933 #SUP: 3
1218 878 12933 #SUP: 4
94 878 12933 #SUP: 4
878 12933 #SUP: 5
222 12933 #SUP: 3
94 12933 #SUP: 6
12933 #SUP: 11
222 220 1218 487 9005 #SUP: 3
334 9005 #SUP: 3
730 9005 #SUP: 4
222 9005 #SUP: 4
94 222 9005 #SUP: 3
94 9005 #SUP: 6
9005 #SUP: 11
1682 2123 #SUP: 3
442 2123 #SUP: 3
2257 2123 #SUP: 5
193 2123 #SUP: 3
1652 2123 #SUP: 4
94 2061 246 2123 #SUP: 3
2061 2123 #SUP: 4
296 2123 #SUP: 3
18 2123 #SUP: 4
108 2123 #SUP: 4
2123 #SUP: 11
1727 2018 #SUP: 3
878 2018 #SUP: 3
1218 2018 #SUP: 3
108 119 2018 #SUP: 3
94 2018 #SUP: 4
2018 #SUP: 11
489 1682 #SUP: 4
94 18 730 119 220 334 1682 #SUP: 3
94 108 730 1174 1682 #SUP: 4
94 108 18 119 246 1682 #SUP: 4
94 18 119 878 1682 #SUP: 3
222 119 220 1218 1682 #SUP: 4
222 220 1218 1682 #SUP: 5
94 18 730 119 220 1682 #SUP: 4
119 220 1682 #SUP: 5
94 18 220 1682 #SUP: 5
220 1682 #SUP: 6
94 18 119 1682 #SUP: 5
119 1682 #SUP: 6
94 730 1682 #SUP: 5
730 1682 #SUP: 6
222 1682 #SUP: 6
94 18 1682 #SUP: 6
94 108 1682 #SUP: 5
94 1682 #SUP: 7
1682 #SUP: 11
94 246 241 757 1592 #SUP: 3
94 246 757 1592 #SUP: 4
94 730 176 246 757 1592 #SUP: 3
296 2061 1174 1592 #SUP: 3
1174 1592 #SUP: 4
94 296 730 176 2061 246 1592 #SUP: 3
94 730 176 246 1592 #SUP: 4
94 246 1592 #SUP: 5
18 176 338 1592 #SUP: 3
296 2061 1592 #SUP: 5
94 296 1218 1592 #SUP: 3
94 1218 1592 #SUP: 4
18 176 1592 #SUP: 4
176 1592 #SUP: 5
220 1592 #SUP: 4
94 296 1592 #SUP: 4
296 1592 #SUP: 6
222 1592 #SUP: 4
18 1592 #SUP: 5
94 1592 #SUP: 6
1592 #SUP: 11
108 1206 1207 #SUP: 3
1206 1207 #SUP: 8
94 1218 193 1207 #SUP: 3
94 1207 #SUP: 6
1207 #SUP: 11
983 468 1095 #SUP: 6
983 1095 #SUP: 7
1095 #SUP: 11
94 241 1727 757 #SUP: 3
94 176 1727 757 #SUP: 4
94 1727 757 #SUP: 5
94 294 757 #SUP: 4
94 241 757 #SUP: 4
334 757 #SUP: 3
94 730 176 757 #SUP: 5
94 176 757 #SUP: 6
119 757 #SUP: 3
18 757 #SUP: 4
94 757 #SUP: 7
757 #SUP: 11
94 246 231 #SUP: 4
94 231 #SUP: 7
231 #SUP: 11
119 1652 191 #SUP: 3
296 191 #SUP: 3
94 18 222 191 #SUP: 4
108 191 #SUP: 5
94 108 191 #SUP: 3
94 191 #SUP: 6
191 #SUP: 11
2340 2572 #SUP: 3
2332 2572 #SUP: 7
1206 2572 #SUP: 5
94 2572 #SUP: 4
2572 #SUP: 12
483 2340 480 #SUP: 4
2340 480 #SUP: 5
483 480 #SUP: 7
94 480 #SUP: 3
480 #SUP: 12
1652 4820 #SUP: 3
94 176 4820 #SUP: 3
220 4820 #SUP: 3
4820 #SUP: 13
2257 2340 #SUP: 3
119 2340 #SUP: 3
222 2340 #SUP: 3
18 2340 #SUP: 3
94 2340 #SUP: 6
2340 #SUP: 13
108 1861 1944 #SUP: 4
94 1652 1944 #SUP: 3
108 18 119 1218 1944 #SUP: 3
222 1218 1944 #SUP: 3
1218 1944 #SUP: 4
176 1944 #SUP: 4
222 1944 #SUP: 4
108 1944 #SUP: 6
94 108 1944 #SUP: 4
94 1944 #SUP: 6
1944 #SUP: 13
1652 1861 #SUP: 4
94 730 983 1861 #SUP: 4
94 108 220 1861 #SUP: 5
222 730 1861 #SUP: 6
94 730 1861 #SUP: 6
730 1861 #SUP: 7
108 1861 #SUP: 7
94 108 1861 #SUP: 6
94 1861 #SUP: 7
1861 #SUP: 13
2257 442 #SUP: 3
193 442 #SUP: 3
487 442 #SUP: 4
338 442 #SUP: 4
222 1218 442 #SUP: 3
94 442 #SUP: 4
442 #SUP: 13
2257 2332 #SUP: 3
94 1206 2332 #SUP: 3
1206 2332 #SUP: 4
222 220 1218 2332 #SUP: 3
220 2332 #SUP: 4
94 108 296 2332 #SUP: 3
222 2332 #SUP: 4
94 2332 #SUP: 7
2332 #SUP: 14
1218 334 2257 #SUP: 3
334 2257 #SUP: 4
1652 2257 #SUP: 3
338 2257 #SUP: 3
176 2257 #SUP: 4
94 176 2257 #SUP: 3
18 2257 #SUP: 3
94 2257 #SUP: 6
2257 #SUP: 14
94 241 1727 #SUP: 4
94 108 18 222 338 334 1727 #SUP: 4
94 296 334 1727 #SUP: 3
94 334 1727 #SUP: 5
94 108 18 222 119 1218 983 1727 #SUP: 4
94 108 18 222 1218 1727 #SUP: 5
94 18 176 1727 #SUP: 5
94 176 1727 #SUP: 6
94 108 18 222 730 1727 #SUP: 5
94 296 1727 #SUP: 4
94 108 18 222 1727 #SUP: 6
94 18 1727 #SUP: 8
94 1727 #SUP: 11
1727 #SUP: 14
94 1218 983 516 #SUP: 3
983 516 #SUP: 7
296 516 #SUP: 4
222 516 #SUP: 4
516 #SUP: 14
108 1206 #SUP: 5
94 1206 #SUP: 6
1206 #SUP: 15
94 241 294 #SUP: 4
94 1218 983 193 294 #SUP: 4
468 294 #SUP: 3
94 296 983 334 294 #SUP: 3
94 983 334 294 #SUP: 4
94 18 176 983 294 #SUP: 4
94 18 983 294 #SUP: 5
94 983 294 #SUP: 6
94 246 294 #SUP: 5
94 176 294 #SUP: 5
176 294 #SUP: 6
296 119 294 #SUP: 3
119 294 #SUP: 5
94 730 294 #SUP: 5
296 294 #SUP: 4
94 294 #SUP: 11
294 #SUP: 15
94 334 241 #SUP: 4
94 246 241 #SUP: 4
94 730 176 246 241 #SUP: 3
94 222 338 241 #SUP: 4
94 730 176 241 #SUP: 4
94 296 241 #SUP: 3
466 241 #SUP: 3
108 241 #SUP: 4
94 241 #SUP: 7
241 #SUP: 15
487 489 #SUP: 3
1174 489 #SUP: 3
94 246 489 #SUP: 5
94 730 176 489 #SUP: 4
94 108 730 176 489 #SUP: 3
119 220 489 #SUP: 3
108 220 489 #SUP: 3
220 489 #SUP: 4
119 489 #SUP: 4
730 489 #SUP: 5
108 489 #SUP: 5
94 108 489 #SUP: 4
94 489 #SUP: 7
489 #SUP: 16
487 193 #SUP: 5
220 1174 193 #SUP: 5
119 176 1652 193 #SUP: 4
94 730 1652 193 #SUP: 4
1652 193 #SUP: 5
94 18 246 193 #SUP: 5
730 878 193 #SUP: 3
94 1218 193 #SUP: 7
119 176 193 #SUP: 5
730 193 #SUP: 6
94 730 193 #SUP: 5
296 193 #SUP: 4
108 193 #SUP: 5
94 193 #SUP: 9
193 #SUP: 16
222 220 1218 334 487 #SUP: 3
222 220 1218 487 #SUP: 4
119 220 487 #SUP: 4
220 487 #SUP: 7
94 296 487 #SUP: 3
18 487 #SUP: 5
94 18 487 #SUP: 4
94 487 #SUP: 6
487 #SUP: 17
983 468 #SUP: 7
878 468 #SUP: 6
338 468 #SUP: 3
108 18 119 1218 468 #SUP: 3
108 483 18 119 468 #SUP: 3
108 18 119 468 #SUP: 4
468 #SUP: 17
94 296 1218 983 334 #SUP: 3
94 1218 983 334 #SUP: 4
94 296 983 334 #SUP: 4
94 983 334 #SUP: 5
94 108 18 222 119 1218 338 334 #SUP: 4
108 176 338 334 #SUP: 5
94 222 119 338 334 #SUP: 5
94 222 338 334 #SUP: 6
94 108 18 222 338 334 #SUP: 5
108 338 334 #SUP: 6
338 334 #SUP: 7
222 220 1218 334 #SUP: 4
94 296 1218 334 #SUP: 4
222 1218 334 #SUP: 5
94 1218 334 #SUP: 5
1218 334 #SUP: 6
94 18 730 119 220 334 #SUP: 4
220 334 #SUP: 5
94 222 119 334 #SUP: 6
94 108 18 222 119 334 #SUP: 5
94 18 119 334 #SUP: 7
94 119 334 #SUP: 8
94 18 730 334 #SUP: 5
94 296 334 #SUP: 6
94 108 18 222 334 #SUP: 6
483 222 334 #SUP: 3
94 222 334 #SUP: 7
222 334 #SUP: 8
94 18 334 #SUP: 8
483 334 #SUP: 4
108 334 #SUP: 8
94 334 #SUP: 12
334 #SUP: 18
1174 187 #SUP: 3
176 187 #SUP: 3
220 187 #SUP: 3
119 187 #SUP: 3
94 187 #SUP: 4
187 #SUP: 18
94 246 1174 #SUP: 5
502 1174 #SUP: 3
94 108 18 222 730 220 1218 1174 #SUP: 5
94 108 18 222 296 730 220 1218 1174 #SUP: 3
222 176 1174 #SUP: 5
94 176 1174 #SUP: 5
176 1174 #SUP: 6
94 222 220 1174 #SUP: 6
220 1174 #SUP: 7
94 108 18 296 119 1174 #SUP: 3
94 108 18 119 1174 #SUP: 5
94 18 730 1174 #SUP: 6
94 108 730 1174 #SUP: 6
94 730 1174 #SUP: 7
296 1174 #SUP: 5
94 108 18 296 1174 #SUP: 4
222 1174 #SUP: 8
94 18 1174 #SUP: 7
94 108 18 1174 #SUP: 6
94 108 1174 #SUP: 7
94 1174 #SUP: 11
1174 #SUP: 19
983 1652 #SUP: 4
108 2061 1652 #SUP: 4
94 2061 1652 #SUP: 4
2061 1652 #SUP: 5
94 108 18 222 119 1218 1652 #SUP: 4
176 1652 #SUP: 5
220 1652 #SUP: 5
94 108 119 1652 #SUP: 5
119 1652 #SUP: 6
108 730 1652 #SUP: 4
730 1652 #SUP: 5
94 108 296 1652 #SUP: 4
108 1652 #SUP: 7
94 108 1652 #SUP: 6
94 1652 #SUP: 10
1652 #SUP: 20
94 108 18 119 246 983 #SUP: 5
878 983 #SUP: 8
94 108 18 119 338 983 #SUP: 4
94 1218 983 #SUP: 6
1218 983 #SUP: 7
730 176 983 #SUP: 4
176 983 #SUP: 5
94 108 18 222 119 983 #SUP: 5
94 108 18 119 983 #SUP: 6
730 983 #SUP: 6
94 730 983 #SUP: 5
94 18 983 #SUP: 7
94 983 #SUP: 12
983 #SUP: 20
94 18 878 246 #SUP: 4
296 2061 338 246 #SUP: 3
2061 338 246 #SUP: 4
108 338 246 #SUP: 5
338 246 #SUP: 7
296 119 220 2061 246 #SUP: 3
119 2061 246 #SUP: 4
296 2061 246 #SUP: 5
94 2061 246 #SUP: 4
2061 246 #SUP: 6
94 730 176 246 #SUP: 5
119 220 246 #SUP: 5
94 220 246 #SUP: 6
220 246 #SUP: 7
296 119 246 #SUP: 4
94 108 18 119 246 #SUP: 6
119 246 #SUP: 7
94 18 222 730 246 #SUP: 5
94 730 246 #SUP: 6
730 246 #SUP: 7
296 246 #SUP: 6
94 296 246 #SUP: 4
94 18 222 246 #SUP: 6
94 18 246 #SUP: 9
108 246 #SUP: 7
94 246 #SUP: 15
246 #SUP: 20
108 18 119 1218 878 #SUP: 3
1218 878 #SUP: 5
94 220 878 #SUP: 4
108 18 119 878 #SUP: 5
94 108 18 119 878 #SUP: 4
94 18 119 878 #SUP: 5
18 119 878 #SUP: 6
730 878 #SUP: 6
94 730 878 #SUP: 5
94 18 730 878 #SUP: 4
94 222 878 #SUP: 5
94 18 878 #SUP: 6
18 878 #SUP: 7
483 878 #SUP: 4
108 878 #SUP: 6
94 108 878 #SUP: 5
94 878 #SUP: 11
878 #SUP: 21
176 502 #SUP: 3
220 502 #SUP: 3
222 502 #SUP: 3
94 502 #SUP: 6
502 #SUP: 21
18 176 338 #SUP: 5
176 338 #SUP: 7
94 108 18 119 338 #SUP: 5
94 119 338 #SUP: 6
296 338 #SUP: 4
94 222 338 #SUP: 7
18 338 #SUP: 7
94 108 18 338 #SUP: 6
108 338 #SUP: 8
94 338 #SUP: 8
338 #SUP: 22
94 18 176 2061 #SUP: 3
94 176 2061 #SUP: 4
94 108 119 2061 #SUP: 4
119 2061 #SUP: 5
730 2061 #SUP: 4
296 2061 #SUP: 7
94 18 2061 #SUP: 4
108 2061 #SUP: 6
94 108 2061 #SUP: 5
94 2061 #SUP: 11
2061 #SUP: 24
222 119 220 1218 #SUP: 5
94 18 222 220 1218 #SUP: 6
222 220 1218 #SUP: 8
222 119 1218 #SUP: 6
94 108 18 222 119 1218 #SUP: 5
108 18 119 1218 #SUP: 6
119 1218 #SUP: 7
94 296 1218 #SUP: 6
94 108 18 222 296 1218 #SUP: 4
94 18 222 1218 #SUP: 7
94 108 18 222 1218 #SUP: 6
94 222 1218 #SUP: 9
222 1218 #SUP: 12
108 18 1218 #SUP: 7
18 1218 #SUP: 8
483 1218 #SUP: 3
94 1218 #SUP: 16
1218 #SUP: 26
94 108 730 176 #SUP: 6
94 730 176 #SUP: 8
730 176 #SUP: 9
108 296 176 #SUP: 4
94 296 176 #SUP: 4
296 176 #SUP: 5
222 176 #SUP: 7
18 176 #SUP: 9
94 18 176 #SUP: 8
108 176 #SUP: 9
94 108 176 #SUP: 7
94 176 #SUP: 15
176 #SUP: 27
94 18 730 119 220 #SUP: 5
119 220 #SUP: 8
94 18 730 220 #SUP: 6
296 220 #SUP: 4
94 222 220 #SUP: 7
222 220 #SUP: 10
94 18 220 #SUP: 7
108 220 #SUP: 7
94 108 220 #SUP: 6
94 220 #SUP: 13
220 #SUP: 28
18 296 119 #SUP: 6
94 108 18 296 119 #SUP: 5
296 119 #SUP: 8
222 119 #SUP: 8
94 222 119 #SUP: 7
94 108 18 222 119 #SUP: 6
108 18 119 #SUP: 10
94 108 18 119 #SUP: 9
94 18 119 #SUP: 11
18 119 #SUP: 13
483 119 #SUP: 4
108 119 #SUP: 14
94 108 119 #SUP: 11
94 119 #SUP: 14
119 #SUP: 30
222 296 730 #SUP: 4
94 296 730 #SUP: 4
296 730 #SUP: 5
94 18 222 730 #SUP: 7
94 108 18 222 730 #SUP: 6
222 730 #SUP: 9
94 18 730 #SUP: 10
108 730 #SUP: 9
94 108 730 #SUP: 8
94 730 #SUP: 21
730 #SUP: 31
222 296 #SUP: 8
94 108 18 222 296 #SUP: 5
18 296 #SUP: 7
94 108 18 296 #SUP: 6
108 296 #SUP: 9
94 108 296 #SUP: 7
94 296 #SUP: 14
296 #SUP: 31
466 #SUP: 32
94 466 #SUP: 7
94 18 222 #SUP: 11
94 108 18 222 #SUP: 8
483 222 #SUP: 4
94 483 222 #SUP: 3
108 222 #SUP: 9
94 222 #SUP: 18
222 #SUP: 33
483 18 #SUP: 5
108 18 #SUP: 12
94 108 18 #SUP: 11
94 18 #SUP: 25
18 #SUP: 35
108 483 #SUP: 4
94 108 483 #SUP: 3
94 483 #SUP: 9
483 #SUP: 37
108 #SUP: 45
94 108 #SUP: 21
94 #SUP: 129
